0 1e-10 1e-10 1e-10 1e-10 1e-10 1e-10 1e-10 1e-10 1e-10
0.05 0.005235987756 1e-10 1e-10 1e-10 1e-10 1e-10 1e-10 1e-10 1e-10
0.1 0.02094395102 1e-10 1e-10 1e-10 1e-10 1e-10 1e-10 1e-10 1e-10
0.15 0.0471238898 1e-10 1e-10 1e-10 1e-10 1e-10 1e-10 1e-10 1e-10
0.2 0.0837758041 1e-10 1e-10 1e-10 1e-10 1e-10 1e-10 1e-10 1e-10
0.25 0.1308996939 1e-10 1e-10 1e-10 1e-10 1e-10 1e-10 1e-10 1e-10
0.3 0.1884955592 1e-10 1e-10 1e-10 1e-10 1e-10 1e-10 1e-10 1e-10
0.35 0.2565634 1e-10 1e-10 1e-10 1e-10 1e-10 1e-10 1e-10 1e-10
0.4 0.3351032164 1e-10 1e-10 1e-10 1e-10 1e-10 1e-10 1e-10 1e-10
0.45 0.4241150082 1e-10 1e-10 1e-10 1e-10 1e-10 1e-10 1e-10 1e-10
0.5 0.5224335124 0.0005826315906 1e-10 1e-10 1e-10 1e-10 1e-10 1e-10 1e-10
0.55 0.5654639576 0.03404528046 1e-10 1e-10 1e-10 1e-10 1e-10 1e-10 1e-10
0.6 0.5402120413 0.1065359235 0.0002327828442 1e-10 1e-10 1e-10 1e-10 1e-10 1e-10
0.65 0.4974099842 0.1772320682 0.01100260341 1e-10 1e-10 1e-10 1e-10 1e-10 1e-10
0.7 0.4563086601 0.2307179227 0.03616969826 1e-10 1e-10 1e-10 1e-10 1e-10 1e-10
0.75 0.4162902322 0.2692828981 0.07441373888 1e-10 1e-10 1e-10 1e-10 1e-10 1e-10
0.8 0.3770314296 0.2941924373 0.1249988538 1e-10 1e-10 1e-10 1e-10 1e-10 1e-10
0.85 0.3383363749 0.3089889707 0.1819599678 0.00275156043 1e-10 1e-10 1e-10 1e-10 1e-10
0.9 0.3000759165 0.3267795513 0.2198353138 0.02082976812 1e-10 1e-10 1e-10 1e-10 1e-10
0.95 0.2630071577 0.3468096651 0.2381240597 0.05479822823 1e-10 1e-10 1e-10 1e-10 1e-10
1 0.2282834177 0.3719411522 0.2278362801 0.109680135 1e-10 1e-10 1e-10 1e-10 1e-10
1.05 0.2048890682 0.385412921 0.2074279852 0.1630934754 0.01173956662 1e-10 1e-10 1e-10 1e-10
1.1 0.172183252 0.3944827436 0.2002775478 0.1884779364 0.0436649891 1e-10 1e-10 1e-10 1e-10
1.15 0.09956481476 0.4084200783 0.205608792 0.1954253992 0.09098091576 1e-10 1e-10 1e-10 1e-10
1.2 0.04836890272 0.3789182204 0.2326540653 0.1885326499 0.1515261617 1e-10 1e-10 1e-10 1e-10
1.25 0.01603489838 0.3134114647 0.2771940419 0.1687455811 0.2246140139 1e-10 1e-10 1e-10 1e-10
1.3 0.0006544637091 0.2255477942 0.3172213525 0.150337912 0.3026688999 0.003569577638 1e-10 1e-10 1e-10
1.35 1e-10 0.1337439034 0.3224752659 0.1627113244 0.3551408656 0.02592864064 1e-10 1e-10 1e-10
1.4 1e-10 0.07103582614 0.2812090522 0.1849082896 0.3973985588 0.06544827316 1e-10 1e-10 1e-10
1.45 1e-10 0.02777325552 0.2173654666 0.2105374492 0.412269977 0.1320538517 1e-10 1e-10 1e-10
1.5 1e-10 0.001707360957 0.1349778455 0.2285238789 0.4188002816 0.2159906331 1e-10 1e-10 1e-10
1.55 1e-10 1e-10 0.04491466189 0.198890737 0.4647415055 0.2624018967 0.02905119882 1e-10 1e-10
1.6 1e-10 1e-10 0.01009985626 0.07744330322 0.5361273065 0.2933645901 0.08296494389 1e-10 1e-10
1.65 1e-10 1e-10 1e-10 0.01908033624 0.4335987627 0.3735707996 0.1737501014 1e-10 1e-10
1.7 1e-10 1e-10 1e-10 6.678221615e-06 0.2742400863 0.402867488 0.3187162063 0.004169541177 1e-10
1.75 1e-10 1e-10 1e-10 1e-10 0.1428538092 0.3420770063 0.4731995588 0.04186962569 1e-10
1.8 1e-10 1e-10 1e-10 1e-10 0.06207623945 0.2338007759 0.5603295982 0.1437933864 1e-10
1.85 1e-10 1e-10 1e-10 1e-10 0.01553146417 0.131417445 0.577897405 0.2261130262 0.04268739402
1.9 1e-10 1e-10 1e-10 1e-10 5.196040994e-07 0.05156926916 0.4903440505 0.3304107402 0.101100374
1.95 1e-10 1e-10 1e-10 1e-10 1e-10 0.005496437036 0.3238947497 0.4379370038 0.1665186183
2 1e-10 1e-10 1e-10 1e-10 1e-10 1e-10 0.1442146062 0.470473389 0.248828994
2.05 1e-10 1e-10 1e-10 1e-10 1e-10 1e-10 0.05487049689 0.384891168 0.2793949281
2.1 1e-10 1e-10 1e-10 1e-10 1e-10 1e-10 0.01673139982 0.2802302739 0.2260417236
2.15 1e-10 1e-10 1e-10 1e-10 1e-10 1e-10 0.001010120263 0.1972103826 0.1732746804
2.2 1e-10 1e-10 1e-10 1e-10 1e-10 1e-10 1e-10 0.1070046501 0.201378521
2.25 1e-10 1e-10 1e-10 1e-10 1e-10 1e-10 1e-10 0.0448268623 0.1991698753
2.3 1e-10 1e-10 1e-10 1e-10 1e-10 1e-10 1e-10 0.01750467134 0.1555951904
2.35 1e-10 1e-10 1e-10 1e-10 1e-10 1e-10 1e-10 0.0001088409496 0.1173262111
2.4 1e-10 1e-10 1e-10 1e-10 1e-10 1e-10 1e-10 1e-10 0.06674770391
2.45 1e-10 1e-10 1e-10 1e-10 1e-10 1e-10 1e-10 1e-10 0.03113751667
2.5 1e-10 1e-10 1e-10 1e-10 1e-10 1e-10 1e-10 1e-10 0.008846202285
2.55 1e-10 1e-10 1e-10 1e-10 1e-10 1e-10 1e-10 1e-10 1e-10