1 463.3333333
2 621.7408333
3 667.8077778
4 671.7204167
5 675.3526667
6 676.5563889
7 676.862619
8 676.79375
9 676.7662963
10 676.7918333
11 676.6977273
12 676.7198611
13 676.6271795
14 676.5591667
15 676.5746667
16 676.4101042
17 676.4879412
18 676.3757407
19 676.3754386
20 676.2021667
21 676.2169841
22 676.2015909
23 676.1647101
24 676.1399306
25 676.1047333
26 676.1166667
27 676.0208642
28 675.98
29 676.0431609
30 675.9980556
31 675.945
32 675.8376042
33 675.880404
34 675.7508824
35 675.6709048
36 675.6969444
37 675.6822973
38 675.5785526
39 675.5797436
40 675.6214583
41 675.5470325
42 675.4893651
43 675.4694574
44 675.4074242
45 675.4268519
46 675.4421014
47 675.4097872
48 675.3729514
49 675.2695578
50 675.3247