1 151.5688283
2 106.7519335
3 88.00755132
4 75.7955375
5 67.7557347
6 61.76070936
7 57.17613157
8 53.67195538
9 50.8135564
10 48.30030726
11 46.09679944
12 44.10918452
13 42.36921226
14 40.8153171
15 39.41466626
16 38.17960788
17 37.01456487
18 35.9723654
19 35.01166252
20 34.11798403
21 33.29036503
22 32.53063928
23 31.8049895
24 31.13083085
25 30.48540133
26 29.89500215
27 29.34284445
28 28.81498585
29 28.30146124
30 27.81863865
31 27.37659155
32 26.9275252
33 26.52698719
34 26.12329709
35 25.75362085
36 25.39023948
37 25.04060858
38 24.70364067
39 24.37968252
40 24.07200894
41 23.7836774
42 23.49001414
43 23.21403667
44 22.95323533
45 22.69229316
46 22.44093922
47 22.19790344
48 21.96393456
49 21.73925148
50 21.52167257