1 130
2 158.9083333
3 167.3733333
4 167.88
5 168.5153333
6 168.6908333
7 168.7292857
8 168.70875
9 168.7025926
10 168.7128333
11 168.6884848
12 168.6926389
13 168.6682051
14 168.6520238
15 168.6575556
16 168.6167708
17 168.6342157
18 168.6048148
19 168.6048246
20 168.5664167
21 168.5665079
22 168.5638636
23 168.5547101
24 168.5497917
25 168.5422
26 168.5448718
27 168.5219136
28 168.5131548
29 168.5272989
30 168.5176667
31 168.5069355
32 168.4728646
33 168.4855556
34 168.4540686
35 168.4350476
36 168.4435648
37 168.4372973
38 168.4142982
39 168.4131624
40 168.4235
41 168.4032114
42 168.3935714
43 168.3878295
44 168.3731818
45 168.3778519
46 168.3806522
47 168.371844
48 168.3627083
49 168.3402721
50 168.3505667