1 7.523863333
2 8.52209
3 8.473903889
4 8.094521667
5 7.732687667
6 7.561662222
7 7.340166905
8 7.17404875
9 7.206042037
10 7.241888833
11 7.32088303
12 7.44633625
13 7.67457859
14 7.911525476
15 8.079286333
16 8.219197292
17 8.451016471
18 8.5435275
19 8.687160789
20 8.851729583
21 9.03758873
22 9.149033788
23 9.442256884
24 9.567480278
25 9.7245246
26 9.943084936
27 10.23757407
28 10.45162982
29 10.6023008
30 10.70031761
31 11.00930516
32 11.09477339
33 11.38226909
34 11.49841529
35 11.69337852
36 11.89354426
37 12.06519599
38 12.2636293
39 12.45495979
40 12.72389167
41 12.86243179
42 13.28574468
43 13.30141729
44 13.45840189
45 13.75154504
46 13.8866704
47 14.17023784
48 14.39948111
49 14.73306395
50 14.74546777