1 334.3333333
2 463.8325
3 501.4344444
4 504.8404167
5 507.8373333
6 508.8655556
7 509.1333333
8 509.085
9 509.0637037
10 509.079
11 509.0092424
12 509.0272222
13 508.9589744
14 508.9071429
15 508.9171111
16 508.7933333
17 508.8537255
18 508.7709259
19 508.770614
20 508.63575
21 508.6504762
22 508.6377273
23 508.61
24 508.5901389
25 508.5625333
26 508.5717949
27 508.4989506
28 508.4668452
29 508.5158621
30 508.4803889
31 508.4380645
32 508.3647396
33 508.3948485
34 508.2968137
35 508.2358571
36 508.2533796
37 508.245
38 508.1642544
39 508.1665812
40 508.1979583
41 508.1438211
42 508.0957937
43 508.0816279
44 508.0342424
45 508.049
46 508.0614493
47 508.0379433
48 508.0102431
49 507.9292857
50 507.9741333