0 1e-10 1e-10 1e-10 1e-10 1e-10 1e-10 1e-10 1e-10 1e-10 1e-10 1e-10 1e-10 1e-10 1e-10 1e-10 1e-10 1e-10 1e-10
0.02 0.001254817897 8.351953467e-07 1e-10 1e-10 1e-10 1e-10 1e-10 1e-10 1e-10 1e-10 1e-10 1e-10 1e-10 1e-10 1e-10 1e-10 1e-10 1e-10
0.04 0.004997450125 1.42517034e-05 1e-10 1e-10 1e-10 1e-10 1e-10 1e-10 1e-10 1e-10 1e-10 1e-10 1e-10 1e-10 1e-10 1e-10 1e-10 1e-10
0.06 0.01117301988 6.72279394e-05 3.06988792e-07 1e-10 1e-10 1e-10 1e-10 1e-10 1e-10 1e-10 1e-10 1e-10 1e-10 1e-10 1e-10 1e-10 1e-10 1e-10
0.08 0.01969022257 0.0002042895376 1.672630103e-06 1e-10 1e-10 1e-10 1e-10 1e-10 1e-10 1e-10 1e-10 1e-10 1e-10 1e-10 1e-10 1e-10 1e-10 1e-10
0.1 0.03042291625 0.0004845225112 6.754401266e-06 1e-10 1e-10 1e-10 1e-10 1e-10 1e-10 1e-10 1e-10 1e-10 1e-10 1e-10 1e-10 1e-10 1e-10 1e-10
0.12 0.0432202211 0.0009785802359 1.853658821e-05 1.558101191e-07 1e-10 1e-10 1e-10 1e-10 1e-10 1e-10 1e-10 1e-10 1e-10 1e-10 1e-10 1e-10 1e-10 1e-10
0.14 0.05787531591 0.001784196002 4.032000667e-05 8.314954283e-07 1e-10 1e-10 1e-10 1e-10 1e-10 1e-10 1e-10 1e-10 1e-10 1e-10 1e-10 1e-10 1e-10 1e-10
0.16 0.07417133983 0.002989940045 8.499418344e-05 2.291349472e-06 1e-10 1e-10 1e-10 1e-10 1e-10 1e-10 1e-10 1e-10 1e-10 1e-10 1e-10 1e-10 1e-10 1e-10
0.18 0.0918957134 0.00467699075 0.0001675825128 5.82495483e-06 1e-10 1e-10 1e-10 1e-10 1e-10 1e-10 1e-10 1e-10 1e-10 1e-10 1e-10 1e-10 1e-10 1e-10
0.2 0.1108024548 0.006942563952 0.0003042665317 1.218529295e-05 1e-10 1e-10 1e-10 1e-10 1e-10 1e-10 1e-10 1e-10 1e-10 1e-10 1e-10 1e-10 1e-10 1e-10
0.22 0.1306295732 0.009885592724 0.0005137213605 2.339698688e-05 1.648248978e-09 1e-10 1e-10 1e-10 1e-10 1e-10 1e-10 1e-10 1e-10 1e-10 1e-10 1e-10 1e-10 1e-10
0.24 0.1510786302 0.01359885312 0.0008288749384 4.263970139e-05 2.836668742e-07 1e-10 1e-10 1e-10 1e-10 1e-10 1e-10 1e-10 1e-10 1e-10 1e-10 1e-10 1e-10 1e-10
0.26 0.171861072 0.01816394152 0.001285071693 7.45340205e-05 1.017261638e-06 1e-10 1e-10 1e-10 1e-10 1e-10 1e-10 1e-10 1e-10 1e-10 1e-10 1e-10 1e-10 1e-10
0.28 0.192681548 0.02365043842 0.001923365695 0.000126844955 2.496745958e-06 8.463049604e-08 1e-10 1e-10 1e-10 1e-10 1e-10 1e-10 1e-10 1e-10 1e-10 1e-10 1e-10 1e-10
0.3 0.213306518 0.03007551187 0.00279708434 0.0002070064334 6.303271634e-06 5.194447776e-07 1e-10 1e-10 1e-10 1e-10 1e-10 1e-10 1e-10 1e-10 1e-10 1e-10 1e-10 1e-10
0.32 0.2334808031 0.03744154362 0.003965026048 0.0003306012688 1.470609261e-05 1.335068962e-06 2.500311343e-08 1e-10 1e-10 1e-10 1e-10 1e-10 1e-10 1e-10 1e-10 1e-10 1e-10 1e-10
0.34 0.2529510426 0.04574458995 0.005484661896 0.0005160075348 3.052487401e-05 2.595289372e-06 1.975879098e-07 1e-10 1e-10 1e-10 1e-10 1e-10 1e-10 1e-10 1e-10 1e-10 1e-10 1e-10
0.36 0.2715118592 0.05496646457 0.00740653001 0.0007830254934 5.447129485e-05 5.206115906e-06 7.970844822e-07 1e-10 1e-10 1e-10 1e-10 1e-10 1e-10 1e-10 1e-10 1e-10 1e-10 1e-10
0.38 0.2889363051 0.06509497209 0.009774429524 0.001154395175 9.193524592e-05 9.511822384e-06 1.820980577e-06 1e-10 1e-10 1e-10 1e-10 1e-10 1e-10 1e-10 1e-10 1e-10 1e-10 1e-10
0.4 0.3050165817 0.07609796781 0.01262636945 0.001658033026 0.0001507370785 1.652827352e-05 3.443000288e-06 1e-10 1e-10 1e-10 1e-10 1e-10 1e-10 1e-10 1e-10 1e-10 1e-10 1e-10
0.42 0.3195877819 0.08787778321 0.01604189778 0.002312617141 0.0002381190771 2.799435994e-05 5.700737949e-06 1e-10 1e-10 1e-10 1e-10 1e-10 1e-10 1e-10 1e-10 1e-10 1e-10 1e-10
0.44 0.3325431972 0.1002804986 0.02009155953 0.003151735422 0.0003651389943 4.592385886e-05 8.764638339e-06 2.470218944e-09 1e-10 1e-10 1e-10 1e-10 1e-10 1e-10 1e-10 1e-10 1e-10 1e-10
0.46 0.3436849986 0.1132499236 0.02479257243 0.00421914357 0.0005434521934 7.329789313e-05 1.353757321e-05 1.413049446e-07 1e-10 1e-10 1e-10 1e-10 1e-10 1e-10 1e-10 1e-10 1e-10 1e-10
0.48 0.3528979434 0.1267035143 0.03014066064 0.005568742268 0.0007840833371 0.0001121453303 2.121925692e-05 6.516370929e-07 1e-10 1e-10 1e-10 1e-10 1e-10 1e-10 1e-10 1e-10 1e-10 1e-10
0.5 0.3601682664 0.1404572462 0.03616893684 0.007235689726 0.001109670037 0.0001668227089 3.215939106e-05 1.544645861e-06 1e-10 1e-10 1e-10 1e-10 1e-10 1e-10 1e-10 1e-10 1e-10 1e-10
0.52 0.3654065253 0.1543795512 0.04289176299 0.009253536456 0.001554865103 0.0002346764541 4.853240112e-05 3.164133892e-06 1e-10 1e-10 1e-10 1e-10 1e-10 1e-10 1e-10 1e-10 1e-10 1e-10
0.54 0.3687088658 0.1682179683 0.05032972107 0.01165711889 0.002149140653 0.0003242303716 7.04519712e-05 6.561148215e-06 1e-10 1e-10 1e-10 1e-10 1e-10 1e-10 1e-10 1e-10 1e-10 1e-10
0.56 0.3701753222 0.1817403507 0.05848503293 0.01448342078 0.002912112381 0.0004544492254 9.446904527e-05 1.435810871e-05 1.086312276e-07 1e-10 1e-10 1e-10 1e-10 1e-10 1e-10 1e-10 1e-10 1e-10
0.58 0.3697808467 0.1948179018 0.06730658128 0.01779012346 0.003856893376 0.0006454844716 0.0001230996716 2.625516515e-05 7.261992431e-07 1e-10 1e-10 1e-10 1e-10 1e-10 1e-10 1e-10 1e-10 1e-10
0.6 0.3675030566 0.2073738519 0.07670394582 0.02161186171 0.005019997788 0.0009113933325 0.0001628994803 4.099869093e-05 2.506981931e-06 1e-10 1e-10 1e-10 1e-10 1e-10 1e-10 1e-10 1e-10 1e-10
0.62 0.3634131565 0.2192989281 0.08657344992 0.0259818695 0.006425454865 0.001278526368 0.0002199150122 5.884820973e-05 5.762210968e-06 1e-10 1e-10 1e-10 1e-10 1e-10 1e-10 1e-10 1e-10 1e-10
0.64 0.3576582539 0.2303725681 0.09684891881 0.03094564 0.008096049539 0.001764753058 0.0003046687967 8.162659182e-05 1.062623281e-05 1e-10 1e-10 1e-10 1e-10 1e-10 1e-10 1e-10 1e-10 1e-10
0.66 0.3503648829 0.2404577173 0.1074163709 0.03652569404 0.01007955191 0.002382336455 0.0004254486511 0.0001117877605 1.811198665e-05 2.625503027e-08 1e-10 1e-10 1e-10 1e-10 1e-10 1e-10 1e-10 1e-10
0.68 0.3417176755 0.2493241822 0.1182522157 0.04270475838 0.01241360741 0.003145180895 0.0005984850757 0.0001510074908 2.97612666e-05 3.877751399e-07 1e-10 1e-10 1e-10 1e-10 1e-10 1e-10 1e-10 1e-10
0.7 0.3319486857 0.2568437549 0.1292267878 0.04945296174 0.01514179111 0.004080994819 0.0008398965228 0.0002003757135 4.705628161e-05 2.373761884e-06 8.639941541e-08 1e-10 1e-10 1e-10 1e-10 1e-10 1e-10 1e-10
0.72 0.3211629239 0.2630249935 0.1401173219 0.05678733253 0.01831011537 0.005206174919 0.001157037477 0.0002725391509 6.786522798e-05 7.151126461e-06 6.668145319e-07 1e-10 1e-10 1e-10 1e-10 1e-10 1e-10 1e-10
0.74 0.3095009203 0.2678179143 0.1508061619 0.06467552012 0.02191282657 0.00656860476 0.001564987551 0.0003738006958 9.459914611e-05 1.503032822e-05 1.968630728e-06 1e-10 1e-10 1e-10 1e-10 1e-10 1e-10 1e-10
0.76 0.297076647 0.2712063229 0.1611569155 0.07306166861 0.0259692653 0.008204138259 0.002085028676 0.0005101062319 0.0001310215346 2.68519559e-05 4.026633951e-06 1e-10 1e-10 1e-10 1e-10 1e-10 1e-10 1e-10
0.78 0.2840575058 0.2732188031 0.1710112534 0.08185844703 0.03052287415 0.0101354644 0.002736327075 0.000692136547 0.0001767590422 4.47068427e-05 7.680862095e-06 1e-10 1e-10 1e-10 1e-10 1e-10 1e-10 1e-10
0.8 0.2705929351 0.2739123148 0.1802542191 0.09090634763 0.03564726369 0.01236744849 0.003541550892 0.0009329144987 0.0002370184757 6.876798753e-05 1.355642876e-05 3.30703788e-07 1e-10 1e-10 1e-10 1e-10 1e-10 1e-10
0.82 0.2568138667 0.2732518348 0.1888966014 0.10003131 0.04135409425 0.01494152917 0.004518521549 0.001243314309 0.000320411206 9.859256723e-05 2.22167109e-05 1.41260377e-06 1e-10 1e-10 1e-10 1e-10 1e-10 1e-10
0.84 0.2427927661 0.2712881756 0.1968393005 0.1091862281 0.04757794344 0.01790490539 0.005698758452 0.001630997051 0.0004335293955 0.0001321097133 3.642679807e-05 3.628646491e-06 1e-10 1e-10 1e-10 1e-10 1e-10 1e-10
0.86 0.2286535947 0.2680907831 0.2039551462 0.1182608349 0.05431436164 0.02127475934 0.007115519013 0.002118170493 0.0005802125882 0.0001706317561 5.733258894e-05 7.656656033e-06 1e-10 1e-10 1e-10 1e-10 1e-10 1e-10
0.88 0.2144830571 0.2637546443 0.2101645833 0.1271481147 0.0615287482 0.02506333205 0.008790512918 0.0027298731 0.0007694076009 0.0002192739276 8.410671599e-05 1.472545024e-05 8.865591511e-10 1e-10 1e-10 1e-10 1e-10 1e-10
0.9 0.2003401588 0.25835436 0.2153336163 0.1359275023 0.06905381533 0.02929584247 0.01075725064 0.003484491039 0.001014294527 0.0002850672044 0.000113768839 2.658863048e-05 1.809236725e-07 1e-10 1e-10 1e-10 1e-10 1e-10
0.92 0.1864224419 0.2517966735 0.2195215175 0.1444973965 0.07679764534 0.03400344065 0.0130351038 0.004399850801 0.00133227755 0.0003721440537 0.0001470769173 4.271466406e-05 1.472434537e-06 1e-10 1e-10 1e-10 1e-10 1e-10
0.94 0.1728564466 0.2441772627 0.2227024408 0.1527280775 0.08469917754 0.03916749362 0.01565677167 0.005506737532 0.001738264097 0.0004868440644 0.0001862383584 6.199587793e-05 4.784196105e-06 5.116517996e-09 1e-10 1e-10 1e-10 1e-10
0.96 0.1597106908 0.2356422217 0.2248254721 0.160461468 0.09279232309 0.0447056418 0.01864762754 0.006841937275 0.002250050528 0.0006322349313 0.000239963034 8.181105208e-05 1.110410946e-05 6.580391229e-07 1e-10 1e-10 1e-10 1e-10
0.98 0.1470517861 0.2263586295 0.2257983492 0.1676246269 0.1009988981 0.05061817645 0.02201687711 0.008422488122 0.002884044611 0.0008253567737 0.0003058548692 0.0001078575839 1.970963374e-05 2.352577939e-06 1e-10 1e-10 1e-10 1e-10
1 0.1349432026 0.2164903162 0.2255654894 0.1741610165 0.109161574 0.05694060082 0.02578576937 0.010247577 0.003659707873 0.001087331858 0.0003870346282 0.0001390631985 3.209662365e-05 5.5073804e-06 1e-10 1e-10 1e-10 1e-10
1.02 0.1234377552 0.2061464482 0.2241211202 0.1800925788 0.117090987 0.06366262452 0.02992246924 0.01238240733 0.004594308457 0.00143154313 0.0004921418246 0.0001721343526 4.847893554e-05 1.158842251e-05 7.897280772e-09 1e-10 1e-10 1e-10
1.04 0.1125632983 0.1954690218 0.2214990692 0.185326531 0.1246824447 0.07075867472 0.0344220236 0.01483543659 0.005720318566 0.001875094076 0.000632203361 0.0002090114542 6.707827467e-05 2.165496599e-05 1.658391897e-07 1e-10 1e-10 1e-10
1.06 0.1023459185 0.184585798 0.217760801 0.189761211 0.1318962312 0.07811112494 0.03931560694 0.01761516774 0.007069529735 0.002412547585 0.0008283599426 0.0002610248306 8.354020533e-05 3.613123925e-05 1.081676007e-06 1e-10 1e-10 1e-10
1.08 0.09273454922 0.1737124403 0.2129251562 0.1932753022 0.138816953 0.0855306879 0.04460197865 0.02074774128 0.008652008479 0.003071185981 0.00108539712 0.0003386770855 0.0001006914976 5.195824836e-05 4.399075334e-06 4.181190347e-09 1e-10 1e-10
1.1 0.08372387075 0.1629214384 0.207119293 0.195799992 0.1453627636 0.09297266492 0.0502424879 0.02423324244 0.01049808062 0.003871521501 0.001409933171 0.0004484366765 0.0001238182147 6.885542105e-05 1.039517913e-05 2.604538952e-07 1e-10 1e-10
1.12 0.07533356471 0.1522363306 0.2005201854 0.1972766684 0.1514666807 0.1003576816 0.05619062202 0.02806906295 0.01262531895 0.004865002091 0.001799002873 0.0005975541383 0.0001558003105 8.908881902e-05 1.824375044e-05 1.430517535e-06 1e-10 1e-10
1.14 0.06758080467 0.1416366515 0.1933068293 0.1976906666 0.157043505 0.1075993056 0.06244257477 0.03223010178 0.01504389023 0.006072521621 0.002283665253 0.0007840815159 0.0002034555157 0.0001120337108 2.867057495e-05 3.928336356e-06 7.957781721e-08 1e-10
1.16 0.06043531411 0.1312758738 0.1854823704 0.1970881241 0.162025303 0.1145989244 0.06896398364 0.03671118439 0.01778682815 0.007483143174 0.002897640529 0.001017808696 0.0002691380343 0.0001398365745 4.008589663e-05 9.182763458e-06 6.271086317e-07 1e-10
1.18 0.05388115014 0.1212077282 0.1771644172 0.1954631392 0.1663697094 0.1213094287 0.07565912423 0.04152028982 0.02084550127 0.009131766725 0.003640287041 0.001322016372 0.0003624592099 0.0001710590604 5.390043648e-05 1.770520459e-05 1.771900973e-06 1e-10
1.2 0.047894417 0.1115188092 0.1684323705 0.1929023602 0.1699346546 0.1276855424 0.08245472079 0.04667368627 0.02419806646 0.0110531918 0.004531490386 0.001703061131 0.0004923791632 0.0002075539613 7.420103336e-05 2.598161194e-05 5.662925184e-06 1.270102399e-08
1.22 0.04245864519 0.1022462484 0.1594099585 0.1894125125 0.1726895837 0.1336649751 0.08928515514 0.05211107207 0.02786223836 0.01325604613 0.005617260938 0.002169189973 0.0006694411286 0.0002477185849 0.00010191574 3.614799715e-05 1.205240223e-05 2.086310818e-07
1.24 0.03753738756 0.09339193295 0.1502895883 0.1849765561 0.1746085437 0.1392373152 0.09602606778 0.05780204311 0.03185350511 0.01572017865 0.006936743335 0.002741775048 0.0009008252062 0.0003041225767 0.0001279012993 5.215044785e-05 2.122192604e-05 7.791186132e-07
1.26 0.03306505747 0.08501499628 0.1411567469 0.179632833 0.1757230483 0.1443043715 0.1026310724 0.06367393473 0.03616885964 0.01848596808 0.008475329052 0.003454074227 0.001194942897 0.0003822873783 0.0001603180638 6.882586694e-05 3.39120167e-05 2.603116352e-06
1.28 0.02900722909 0.07715992149 0.1320903022 0.1734658606 0.1759610056 0.1488607712 0.1090393095 0.06965570157 0.04076728604 0.02161343911 0.01021802914 0.004334198345 0.001560161908 0.000498171401 0.0001998135553 8.896358224e-05 4.510257849e-05 8.348769271e-06
1.3 0.02537082586 0.06978717157 0.1231684984 0.1666888658 0.1752123012 0.1528399267 0.1151583401 0.07575729201 0.04566483415 0.02500982675 0.01223670561 0.005379987815 0.002020063456 0.0006631988375 0.0002478072021 0.0001130617947 5.718355814e-05 1.640996598e-05
1.32 0.02212520188 0.06288652683 0.1144520614 0.1594144785 0.1735127781 0.1561413915 0.1209264112 0.08198014922 0.05078006025 0.02870011872 0.0145117162 0.006640928797 0.002581780715 0.0008858312217 0.0003149374715 0.0001393800713 7.176920242e-05 2.597885252e-05
1.34 0.0192251543 0.05649497312 0.1059590466 0.1517698643 0.1708702143 0.1587158808 0.1263638703 0.08819868041 0.05605776963 0.03268221314 0.0170812366 0.008102503014 0.003287571624 0.001172200056 0.0004097541705 0.0001716730894 8.539497418e-05 3.838214068e-05
1.36 0.0166411478 0.05060540326 0.09771700676 0.1439034901 0.1673378563 0.1604795943 0.1314517641 0.09427778128 0.06150087923 0.03696588333 0.01992932865 0.009785704355 0.004141990453 0.00154713519 0.0005403157527 0.0002172398109 9.711059584e-05 5.142659759e-05
1.38 0.01434187724 0.0452197358 0.08976627658 0.1358557321 0.1630264505 0.1614421981 0.1360266956 0.1002454966 0.06701401443 0.0415597686 0.02303706716 0.01173623004 0.005157903067 0.002000954296 0.0007276760135 0.0002815365692 0.0001124291284 6.196111702e-05
1.4 0.01230573724 0.04027392781 0.08217814389 0.1277712109 0.1579797846 0.1615331643 0.1400270491 0.1061250857 0.07246114705 0.0465026309 0.02639408483 0.01394083246 0.006353958439 0.002562612635 0.0009748208599 0.0003732474103 0.0001363407549 7.170074308e-05
1.42 0.01051879826 0.03572156492 0.07500184048 0.1197007828 0.1523890552 0.1605888752 0.1435301844 0.1117320993 0.07795644804 0.05162612958 0.03003610012 0.01641372492 0.007749985061 0.003254565607 0.001282249 0.0004983351218 0.0001749668193 8.340810043e-05
1.44 0.008949801209 0.03156709507 0.06818508214 0.1117724594 0.1463164251 0.1587181525 0.146373761 0.1170214627 0.08351036025 0.0568466204 0.03398264033 0.01911446757 0.009396115321 0.004088978388 0.001661924582 0.0006611052837 0.0002347055115 9.81995031e-05
1.46 0.007575855805 0.02781572265 0.06168962633 0.1040890417 0.1398172822 0.1559974059 0.1484838231 0.1219739223 0.08901665982 0.06211762286 0.03825989733 0.02202580048 0.01131438715 0.005070815504 0.002140108851 0.0008695613951 0.0003171038376 0.0001205052859
1.48 0.006383847555 0.02443323091 0.05558612085 0.09657596897 0.1330990687 0.1524620051 0.1497390907 0.1265675176 0.09445072437 0.06737049304 0.042846747 0.02518246988 0.01348277853 0.006225861494 0.002731480277 0.001136367419 0.0004273958439 0.0001519168502
1.5 0.00535462346 0.02139513094 0.04992038415 0.08917809396 0.1263080525 0.1482228277 0.1500580555 0.1306905634 0.09986832918 0.07251717388 0.04766690779 0.02864489021 0.01587416513 0.007591389783 0.003444166298 0.00147531503 0.0005719585171 0.000193287633
1.52 0.004473542087 0.01865743175 0.04471756759 0.08192406558 0.1194658072 0.1435056941 0.1493111993 0.134304322 0.1051974839 0.07758313616 0.05257907671 0.03245399644 0.01853236789 0.009142229718 0.004300438363 0.001899995503 0.0007677215009 0.0002473456913
1.54 0.003718711227 0.01620361858 0.03993280978 0.07493382721 0.1125680755 0.1383558503 0.1477154806 0.13712606 0.1103834457 0.08267054897 0.05747874292 0.03656324135 0.02147998518 0.0109044056 0.00531999175 0.002416331479 0.001016644187 0.0003340425223
1.56 0.003088779248 0.01399878391 0.03554866626 0.06825273123 0.1056203607 0.132894134 0.145375376 0.1390833715 0.1152296519 0.08782421804 0.06240033739 0.04087287485 0.02468477394 0.01294444943 0.006499013057 0.003043429165 0.001325429109 0.0004571544491
1.58 0.002563258284 0.01203207127 0.03156217451 0.06190498952 0.09865400129 0.1271378723 0.142476818 0.1401076451 0.1195894729 0.09307056208 0.06728778025 0.04533328274 0.02813326679 0.01530565259 0.007832316257 0.003809581061 0.001698999584 0.0006221782168
1.6 0.002121358677 0.01029737299 0.0279163875 0.05593140698 0.0917861835 0.1210959606 0.1390000709 0.1403671591 0.1233310218 0.09824117786 0.0721789258 0.04994585803 0.03178033003 0.01799068239 0.009349400401 0.0047271707 0.002144583626 0.0008390235897
1.62 0.001748950089 0.008798426131 0.02453984039 0.05041747552 0.08495088747 0.1149318129 0.1349795829 0.1398859013 0.1264035881 0.1032350493 0.07706959546 0.05466166034 0.03557487254 0.02103383192 0.01107219472 0.005792453841 0.002690265627 0.001112691197
1.64 0.001435556195 0.00749490623 0.02144661434 0.04535695999 0.07820141099 0.1086727614 0.1305182325 0.1386753489 0.128765856 0.1079504755 0.081932935 0.05944534168 0.03957888327 0.0243044534 0.01309566178 0.006996829082 0.003353742198 0.001448134137
1.66 0.001172257009 0.00636815216 0.01865180964 0.04066889816 0.07166695876 0.1023423876 0.1257157948 0.1366287315 0.130507283 0.1123179566 0.08664824289 0.06434465979 0.0437629994 0.02775274331 0.0154278515 0.008372743732 0.004142982444 0.001870777881
1.68 0.0009491585925 0.005385029591 0.01616975864 0.03632213781 0.06538640311 0.0960072723 0.1206220241 0.1338790297 0.1314556791 0.116334931 0.09121308686 0.06922081009 0.0481606991 0.03139704789 0.01804425781 0.009928356446 0.005083951972 0.002383548168
1.7 0.0007682035227 0.004529931999 0.01396614606 0.03232001817 0.05942363478 0.08962025866 0.1153401576 0.1305453922 0.1315959067 0.1197874003 0.09578668811 0.07382938104 0.05285980928 0.03519943202 0.02097178427 0.01165951502 0.006193462974 0.002995609741
1.72 0.000619564861 0.003795567636 0.01201732711 0.0286313431 0.0538309773 0.08327751146 0.1098316206 0.1266737765 0.1310608139 0.1225090307 0.10034009 0.0782533107 0.05763490015 0.03919437806 0.02421804191 0.01363185678 0.007423297165 0.003747537461
1.74 0.0004963333391 0.00316915574 0.01030572186 0.02522309808 0.0486359096 0.07703774455 0.1041416443 0.1223799953 0.1298185241 0.1245094803 0.1046504507 0.08265193023 0.0623406164 0.04334696465 0.02778484224 0.0158815822 0.008811504035 0.004607414399
1.76 0.0003956842688 0.00263134806 0.008812970525 0.02210849285 0.04380074338 0.07097495038 0.09830145206 0.1177747051 0.1278259846 0.1258808531 0.1085367273 0.08702631307 0.06691693478 0.04764061523 0.03163431746 0.01841560838 0.01043531149 0.005546918876
1.78 0.0003141415065 0.002175724376 0.00750057344 0.01932480543 0.03925447415 0.06515994693 0.09236449577 0.1129369296 0.1251313989 0.1265226303 0.1120102248 0.09134281627 0.07135160988 0.05199791473 0.03565699064 0.02131905332 0.01230961778 0.006609035782
1.8 0.0002482142389 0.001794870182 0.006337954707 0.01685055042 0.03498921075 0.05966073379 0.086386162 0.1078610645 0.1219150725 0.1264156592 0.1148308856 0.09565971483 0.07564438506 0.05636254545 0.03981171147 0.02457934262 0.01443326281 0.007854487188
1.82 0.0001946256083 0.001477705425 0.005323148686 0.01464003664 0.03105698235 0.05441293785 0.08047854177 0.1025863511 0.1181770108 0.1256875854 0.1169899267 0.09974757553 0.0798455034 0.06069230596 0.04405678239 0.02814193522 0.01687497701 0.009290129381
1.84 0.0001511072308 0.001215470786 0.004451485952 0.01265494255 0.02745670494 0.04940721394 0.07474907574 0.09716089127 0.1139471066 0.124261135 0.1186174026 0.1035282263 0.08385946229 0.0650031192 0.04831643241 0.03197003721 0.01965109765 0.01095584592
1.86 0.0001155639191 0.0009973669664 0.003713139034 0.0108670358 0.02419049882 0.04467319089 0.06915778112 0.09167828236 0.1093906223 0.1220617299 0.119664803 0.1069889515 0.08770735454 0.06923618657 0.05254251826 0.03599724719 0.02271484463 0.01293514721
1.88 8.477569605e-05 0.0008150820362 0.003096332192 0.009278246778 0.02122260412 0.04022959123 0.06371039869 0.08618700693 0.1046283988 0.1191961169 0.1199777496 0.1100633501 0.09141669536 0.07332804289 0.05678726831 0.04010710436 0.02600784189 0.01527919372
1.9 5.929211899e-05 0.0006579009119 0.002588528719 0.007852175233 0.01857855846 0.0360725205 0.0584135224 0.08070751492 0.09977527726 0.1157569314 0.119543981 0.1125610606 0.09504533854 0.0772583404 0.06100341067 0.04429236145 0.02946379502 0.01796696132
1.92 3.777134863e-05 0.0005241083161 0.002162074809 0.006606061288 0.01620550278 0.03221140459 0.05330418038 0.0752908222 0.09486381576 0.1117987043 0.118394196 0.1143965814 0.0985939711 0.08102313182 0.06511751837 0.04854021233 0.03307323524 0.02091908694
1.94 2.213606961e-05 0.0004088196138 0.001798689204 0.005540447276 0.0140616928 0.02865774053 0.04843373643 0.06994976051 0.08984947655 0.1075519525 0.1165073219 0.1154902448 0.1019765074 0.08467627619 0.06905413075 0.05285211011 0.03679410147 0.02409813202
1.96 1.17740305e-05 0.0003099619795 0.001491868181 0.004632730834 0.01212438869 0.02541480062 0.04382742972 0.0647331845 0.08465454965 0.1032658598 0.1138966871 0.1157677406 0.1050416446 0.08828375797 0.07276839356 0.05719173343 0.04065794314 0.02742758975
1.98 5.464241511e-06 0.000225445316 0.001237933386 0.003857919014 0.0103880358 0.0224607697 0.03950120224 0.05966372475 0.07940643741 0.09879098429 0.1108235954 0.1152498374 0.1075490819 0.0918968501 0.07626937228 0.06143146696 0.04470893692 0.03085136919
2 2.00689958e-06 0.000159036779 0.001015981901 0.003205462507 0.008858543332 0.0197653305 0.03542932276 0.05478661531 0.07421791166 0.09409401068 0.1073651242 0.1140734818 0.1093788455 0.09529603229 0.07968958163 0.06553061551 0.04887217203 0.03440865361
2.02 5.448471017e-07 0.0001094236876 0.0008214169574 0.002652122025 0.007518975547 0.01733550039 0.03161308394 0.05010734276 0.06914066609 0.08916839132 0.1036295533 0.1123417392 0.1104482256 0.09838255104 0.08301118242 0.06943675474 0.05320298978 0.03800010767
2.04 5.767023925e-08 7.187568071e-05 0.0006559844656 0.00217830565 0.00636106509 0.01514775591 0.02806966653 0.04561035664 0.0642501516 0.08407715758 0.09963415125 0.1100012318 0.1109185752 0.1009922591 0.08623813707 0.07315267785 0.05753929607 0.04179213325
2.06 1e-10 4.577419242e-05 0.0005142588448 0.001773442106 0.005370279638 0.01316011706 0.02485142922 0.04130216772 0.05946602187 0.07903526248 0.0953150535 0.1071789378 0.1107201064 0.1031529767 0.08929260844 0.07660632475 0.06180659149 0.04584329686
2.08 1e-10 2.874813215e-05 0.0003932318017 0.001436014675 0.00452016853 0.01135333626 0.02192977839 0.03724381104 0.0548133689 0.07403150189 0.09074461655 0.1040108242 0.1098021905 0.1047969706 0.09215652505 0.07980210925 0.06597586017 0.0499625291
2.1 1e-10 1.715314933e-05 0.0002942365984 0.00115836787 0.003780713702 0.009772826782 0.01921950888 0.03343582394 0.05037769105 0.06904852534 0.08602083589 0.1004586661 0.1082953703 0.1059300986 0.09466826258 0.08286685585 0.06988458923 0.05410678556
2.12 1e-10 1.083393653e-05 0.0002106486119 0.0009347951018 0.003128092771 0.008410954991 0.01674701567 0.02983845444 0.04619391987 0.06409471287 0.08125250313 0.09654581371 0.1062183792 0.1064948855 0.09687687453 0.08567308897 0.07361968254 0.05819037997
2.14 1e-10 7.167560336e-06 0.000144778299 0.0007412772369 0.00257894332 0.007221043418 0.01454274271 0.02643015532 0.04223242258 0.05924898302 0.07648962693 0.09235900923 0.10361441 0.1063506355 0.09886826194 0.0881395105 0.07717721885 0.06217581518
2.16 1e-10 4.803073761e-06 9.574906105e-05 0.0005803138276 0.00210283345 0.006180974079 0.01259678755 0.02327452067 0.03838098066 0.05466771617 0.07168550865 0.08803062768 0.1004820632 0.1054811228 0.1006083106 0.09031925734 0.08045748484 0.06603906312
2.18 1e-10 3.001033442e-06 6.000708292e-05 0.0004500707217 0.001695360701 0.00525151032 0.01090620924 0.02039813921 0.03461001249 0.05042199851 0.0668322563 0.0835983631 0.09693177129 0.1039056283 0.1019499818 0.09231831558 0.08334602919 0.06979821526
2.2 1e-10 1.617266231e-06 3.508686087e-05 0.000346756422 0.001353796449 0.004408370756 0.009454312166 0.01780065954 0.03095991167 0.04641852588 0.06206931441 0.07910101298 0.09299837968 0.1017731535 0.1026440701 0.09418145072 0.08585759462 0.07340739476
2.22 1e-10 6.671814111e-07 1.886751843e-05 0.0002652748693 0.001070343785 0.00365160364 0.008177249785 0.01552599111 0.02747833097 0.04257001268 0.05741293246 0.07463110969 0.0888269809 0.09904887592 0.1026398234 0.09586787934 0.08807142995 0.07675403679
2.24 1e-10 1.346031338e-07 8.41724417e-06 0.0001977865577 0.0008443946683 0.002986479138 0.007021968359 0.0135536375 0.02424473869 0.03879017541 0.05301767537 0.07006692405 0.08456223644 0.09586737496 0.1018820757 0.09720341018 0.09009922097 0.07971794498
2.26 1e-10 4.563466272e-10 3.192607858e-06 0.0001407101301 0.0006627534231 0.00242031359 0.005979832407 0.01181020547 0.02133044843 0.03505272461 0.04889083669 0.06550086081 0.08020529133 0.0922973239 0.1004848397 0.09799528681 0.09197915396 0.0823204995
2.28 1e-10 1e-10 8.388152826e-07 9.64426672e-05 0.0005106719464 0.001940994428 0.005064112973 0.01025296351 0.0187337753 0.03141341149 0.0449209289 0.06104513515 0.07585781595 0.08836225786 0.09848354426 0.09825409383 0.09359014705 0.08465417845
2.3 1e-10 1e-10 1.185586439e-07 6.323875348e-05 0.0003858057031 0.001545037589 0.004243839479 0.008865871977 0.01643823424 0.02795617683 0.04108984174 0.05660897961 0.0716491783 0.08422344196 0.09586456941 0.0979047165 0.094858851 0.08685856095
2.32 1e-10 1e-10 5.300855421e-09 3.993727393e-05 0.0002837265164 0.001219688127 0.003524241437 0.007625545559 0.0143673933 0.02479477677 0.03740022703 0.05220528574 0.0674635314 0.08009325787 0.09271374424 0.09691605291 0.09570402672 0.08884606921
2.34 8.06163652e-05 1e-10 1e-10 2.077633359e-05 0.0001703853632 0.0009584186821 0.002902499137 0.006522359719 0.01249417714 0.0219634911 0.03381632301 0.04798370304 0.06316781143 0.07608768904 0.08913240914 0.0953709934 0.0960210323 0.09058930516
2.36 0.000104411511 1e-10 1e-10 6.663574745e-05 9.154437188e-05 0.0007157565999 0.002353235398 0.005591496106 0.01076584136 0.01939674289 0.03042067592 0.04391826763 0.05886764257 0.0720877557 0.0854110223 0.09319679895 0.09580950022 0.09192946394
2.38 1e-10 1e-10 1e-10 3.86503317e-05 4.222116116e-05 0.0005955219198 0.001832282875 0.004821467633 0.009253478584 0.01708210917 0.02722559692 0.03997840423 0.05465485438 0.0680881125 0.08144896942 0.09069343338 0.09490733492 0.09289495006
2.4 3.913674233e-05 1e-10 5.555460583e-05 4.769239506e-05 1e-10 0.0004522320428 0.001435106053 0.00413927078 0.007895091937 0.01497653944 0.0242846195 0.03626485563 0.0504657613 0.06402645899 0.07737287976 0.08780053094 0.0935839888 0.09325851694
2.42 7.30821875e-05 1e-10 0.0001472263131 3.896544579e-05 1e-10 0.0002733583412 0.001114973566 0.003504941979 0.006788500973 0.01299597505 0.02159442108 0.03272492099 0.04629684386 0.06001341696 0.07320798847 0.08465488677 0.0917095231 0.0932521852
2.44 1e-10 1e-10 0.000187453294 1e-10 1e-10 0.0001761783601 0.0009478432041 0.002808056313 0.005754862103 0.01128227195 0.01917172436 0.02950494587 0.04211760489 0.05604193649 0.06911733274 0.0810694826 0.08950932626 0.09262734978
2.46 1e-10 1e-10 0.0001792649877 0.0001493879622 1e-10 0.0001201702526 0.0007568142452 0.002301293529 0.004948963526 0.009715704814 0.01691209362 0.02644596522 0.03825796468 0.05198602754 0.06507772216 0.0773057157 0.08679778644 0.09155576297
2.48 1e-10 1e-10 0.0002379114296 6.796606349e-05 1e-10 2.253074755e-05 0.0006115553897 0.001969932833 0.004150053636 0.00833234234 0.01482544616 0.0237547057 0.034675254 0.04787457725 0.06095735403 0.07347475517 0.08377046926 0.09001141017
2.5 0.0001227733463 1e-10 0.0002941695922 1.14714488e-05 1e-10 1e-10 0.000392282565 0.001668781089 0.003569209773 0.007165577827 0.01287067154 0.02126317618 0.03125921594 0.04401929898 0.0566830643 0.06970284787 0.08056713728 0.08791647148
2.52 9.754855847e-05 0.000197729706 1e-10 8.244072858e-05 2.500964367e-05 1e-10 0.0002638216826 0.00139511132 0.002936670956 0.006299195352 0.01104736286 0.01907998182 0.0279974697 0.04042367463 0.0525137014 0.065674898 0.07718637374 0.08563783873
2.54 0.0002671573896 0.0001262542571 1e-10 6.616873324e-05 0.0001191322041 1e-10 0.0002462184269 0.001345782155 0.002271156944 0.005436436802 0.009706200959 0.01685348313 0.02521938059 0.03680491824 0.04852420395 0.06132865492 0.07359377267 0.08310757074
2.56 0.0003345693006 4.799212314e-05 0.0001742531019 0.0001273557881 0.0002688392133 1e-10 0.0005801389569 0.001002468115 0.001945309897 0.004604891903 0.008420753971 0.01482114346 0.02247100436 0.03350079975 0.04450573874 0.05726618175 0.06971716747 0.08028714315
2.58 0.0004627079342 1e-10 0.0002958598677 0.0004313938231 0.0002782685107 1e-10 0.0004565682639 0.0008956534189 0.001702211727 0.003804597571 0.00740733661 0.01287562821 0.02022246627 0.03012051262 0.04081060128 0.05328240889 0.06569984613 0.07702442468
2.6 4.508357267e-05 1e-10 0.0005122119644 1.418041362e-07 0.0005546618235 1e-10 0.0006159047983 0.0006691911742 0.001379878971 0.003106891595 0.0065418411 0.01123363296 0.01820361282 0.02707180587 0.03722908982 0.04949785058 0.06156708437 0.073511168
2.62 0.0002593593181 1e-10 0.0005113434533 7.453352489e-05 0.0003410347341 0.0001995823771 0.000725940216 0.0009291011096 0.0009820124347 0.002631605438 0.005514583331 0.009841083589 0.01625992981 0.02431952082 0.03374057765 0.04568737928 0.05769259496 0.06968509541
2.64 0.0004595570634 1e-10 0.0005014844128 0.0002182008133 0.0003872541011 1e-10 0.0006675208971 0.001080047918 0.0008179572579 0.001867979355 0.004760454684 0.008599479185 0.01463481489 0.02206754418 0.03030330474 0.04203435768 0.05370367568 0.06600561378
2.66 1e-10 1e-10 0.000721107531 0.000625762363 0.0004641418518 6.724813437e-05 0.001005265796 0.0008836960507 0.0007907335252 0.001232373096 0.004280414923 0.007286376964 0.01302410855 0.01997168825 0.02716747913 0.03857932857 0.0497109203 0.06255378896
2.68 0.001600707036 4.647346248e-05 0.0005913505107 0.0005033985327 0.0008810155456 0.0002424665522 0.001212856994 0.0007470240548 0.0005711228563 0.0008518952928 0.003910918049 0.006148510726 0.01141600599 0.01833529663 0.02426613789 0.03510651202 0.04591622118 0.05893583765
2.7 0.001695104931 1e-10 0.0007033404332 0.0009450067545 0.001399238389 0.0001781618179 0.0008165171407 0.0008747514122 0.0007021915675 0.0007966530941 0.003535465166 0.005318655948 0.009635713028 0.01623934619 0.02192188288 0.03176067174 0.04216241663 0.05519017089
2.72 0.001995136296 8.2485603e-05 0.001033336964 0.001257472272 0.001292151271 0.0003799394773 0.001290612745 0.00048667408 0.00112485366 0.0002445951358 0.00344257774 0.00443038646 0.00851435704 0.01479956954 0.01962498325 0.02885274608 0.03863092906 0.05142840539
2.74 0.00230395919 0.000344223783 0.00158614593 0.0004743609656 0.001512175173 0.0005682069267 0.001507821875 0.0005664840777 0.0008221263696 0.0002490609424 0.003072390912 0.003772899885 0.00710402616 0.01358865447 0.01734319457 0.02636583345 0.03506686307 0.04781554025
2.76 0.001294272178 1e-10 0.001401367141 0.001063187868 0.001326569541 0.0009619145173 0.0009935442026 0.0009093935684 0.001405799955 0.0005793788138 0.002854151061 0.002825367267 0.006116504464 0.01239953181 0.01568138054 0.02385431281 0.03172564975 0.04423099544
2.78 0.002807465978 0.0002012636815 0.00117890877 0.001548156359 0.0002080270801 0.001256859161 0.001659436921 0.0008191246262 0.001397197212 0.0005475553108 0.002195478835 0.00299659184 0.005091745428 0.01072503375 0.01439392188 0.02155002132 0.02846160778 0.04107183326
2.8 0.002263024027 0.0003505645301 0.001839019063 0.00174267287 0.0001733341273 0.0008679714938 0.001524997945 0.001250474669 0.001197774609 0.0007445222585 0.002180379829 0.002488924317 0.004444927176 0.009149236627 0.0131569827 0.02014150847 0.02610341801 0.03732538883
2.82 0.002616800534 0.0006532261274 0.001020802918 0.001567332768 0.001158769272 0.0006473018415 0.001914838576 0.001538134532 0.001101633481 0.001180472125 0.001626164929 0.001976864951 0.004016371738 0.007979582572 0.01123996306 0.01856706831 0.02350844652 0.0340177027
2.84 0.001964740364 0.001620059723 0.0008495133742 0.002099773309 0.00139366855 0.001182903576 0.001687275889 0.000942632946 0.001604537851 0.0009291730465 0.001512695127 0.002676648113 0.003438436646 0.00678932257 0.009909467754 0.01656498053 0.02130855821 0.0308349658
2.86 0.003617756501 0.000317599623 0.002686501854 0.0006248390095 0.002277649117 0.001135877715 0.002138543309 0.001027994323 0.001308480911 0.0007683884557 0.001880359937 0.002429444834 0.00319211092 0.006092202928 0.008783420076 0.01486371199 0.0193150584 0.02720550934
2.88 0.004537816992 0.00130393793 0.001690140253 0.00124898706 0.002090188281 0.001382191355 0.001358566975 0.001691379825 0.001841804145 0.0004213647743 0.002386679193 0.00184620652 0.003484185 0.004963394499 0.007874249932 0.01362582938 0.01716751142 0.02471683587
2.9 0.004138351669 0.0006508720754 0.002227052102 0.001428835626 0.002043558291 0.0009188660796 0.001555560116 0.002279185505 0.001362604152 0.0007992483109 0.002467434907 0.001195440789 0.00342625732 0.004564021717 0.006632501203 0.01174026456 0.01580659601 0.02247505092
2.92 0.006446970827 1.288497159e-05 0.002523297969 0.001437530116 0.001886826 0.001181678403 0.001528372965 0.001884639208 0.001911699902 0.0009113312669 0.002215393098 0.0008753296832 0.003009143038 0.004008523874 0.006265201221 0.009985320279 0.0145022421 0.01996333931
2.94 0.005602601547 0.00177064041 0.001185500876 0.001740797035 0.001470902646 0.001217915215 0.001471596848 0.001929022261 0.001029918388 0.001620191612 0.002198346714 0.0006497841998 0.002626387336 0.003766684158 0.005748462057 0.008381477506 0.01317836742 0.01827306534
2.96 0.004686084573 0.002342966812 0.001070288413 0.00190992342 0.001627700472 0.001030506112 0.001948172831 0.001384543048 0.0004488085904 0.001549026974 0.00231991734 0.0005656015258 0.002467810465 0.003558358721 0.004701531379 0.007496799778 0.01169320502 0.01644844796
2.98 0.004064158588 0.002407420826 0.00117256658 0.0009889006927 0.002256995927 0.001540540076 0.001427086793 0.0009734494867 0.0004563548361 0.002054832492 0.002407314734 0.000137212597 0.002850539808 0.002906764227 0.004141820725 0.006876093015 0.01014147626 0.01493001548
3 0.004156218593 1e-10 0.001971776597 0.00271975822 0.001856027394 0.001758209692 0.00140812667 0.0007694204508 0.0007926801972 0.001410315904 0.002604479001 0.0002418713805 0.002208390949 0.00305953396 0.003416501923 0.00616639503 0.008977140648 0.01336042838
3.02 0.002538716012 0.0009163609602 0.001392751708 0.003235706578 0.001415117413 0.002006623566 0.001676315638 0.0004269578282 0.001000278941 0.001673761787 0.002103473828 0.0003093033371 0.002202445343 0.002752599155 0.003366262028 0.00518787881 0.008222081844 0.01178661045
3.04 0.001771647615 0.001243565293 0.001029592916 0.003080963823 0.001328614698 0.001929413373 0.001603894759 0.0006894085932 0.0008430086874 0.001804640382 0.001996242595 8.460581077e-05 0.001932024363 0.002699019083 0.003353585413 0.004130405078 0.007594053187 0.01052175423
3.06 0.0009661235912 0.002503041596 0.0009345083013 0.00321211355 0.001329213503 0.002386003155 0.001341783422 0.0009600553814 0.0002335889101 0.001996995618 0.002446949033 1e-10 0.001622283593 0.002633131503 0.002687484711 0.003381259685 0.006871563393 0.009229601818
3.08 1e-10 0.003414576659 0.000275205624 0.003285391525 0.0009254627645 0.002810954397 0.001288394786 0.0004449613475 0.0007431758826 0.002179408045 0.001938754059 7.029323512e-06 0.001067742646 0.00240460689 0.001629481076 0.003549207451 0.006154405805 0.007738840338
3.1 1e-10 0.00376610141 0.000909318993 0.002766641797 0.001104445254 0.001835431868 0.001181181089 0.0002851868165 0.001195188753 0.00159359128 0.001115955508 0.000840740246 0.0007855175229 0.002254413574 0.001751881511 0.002951983641 0.005495349507 0.006267770964
3.12 0.0001353350639 0.004912588405 0.001009717373 0.001342562539 0.002310970483 0.002136076812 0.001114989323 0.0004155976408 0.0009080347338 0.001222071076 0.0009611612443 0.0004981792308 0.00105130806 0.002051049243 0.001423378736 0.002752874738 0.004334035985 0.005410696884
3.14 0.0005120459739 0.004974261382 0.0003855122013 0.001861248688 0.001977097232 0.00133876135 0.001381131103 0.0007429214962 0.001165677541 0.001098676105 0.0008701329519 0.0001052713967 0.001130736111 0.001161088448 0.0014683887 0.002160192371 0.003418234003 0.004911262837
3.16 0.002360901303 0.003985615156 0.0002519511545 0.002090479637 0.001398713422 0.001151666426 0.001374909372 0.001070345172 0.001149674506 0.00125680684 0.001452035792 1e-10 0.001108125754 0.001036316316 0.0007941712851 0.001574780029 0.003291512539 0.004443264623
3.18 0.00347227412 0.002295287546 0.0006836633206 0.001961478905 0.001979466329 0.000388006272 0.0008299310001 0.001317025713 0.001469824041 0.0009297615208 0.001433050456 1e-10 0.001333050903 0.0009837680071 0.0001872107445 0.001520551139 0.002631327125 0.003821441335
3.2 0.001561473182 0.002703696284 0.0002961073467 0.001701979689 0.002198664642 1e-10 0.0004574002794 0.001462975563 0.001262614758 0.001564769628 0.0009320788748 1e-10 0.0008762677081 0.000661656346 0.000268740834 0.001610625637 0.002139764487 0.003049458271