0.02 0.00125482 8.35195e-07 1e-10 1e-10 1e-10 1e-10 1e-10 1e-10 1e-10 1e-10 1e-10 1e-10 1e-10 1e-10 1e-10 1e-10 1e-10 1e-10 37.5046
0.04 0.00499745 1.42517e-05 1e-10 1e-10 1e-10 1e-10 1e-10 1e-10 1e-10 1e-10 1e-10 1e-10 1e-10 1e-10 1e-10 1e-10 1e-10 1e-10 18.7607
0.06 0.011173 6.72279e-05 3.06989e-07 1e-10 1e-10 1e-10 1e-10 1e-10 1e-10 1e-10 1e-10 1e-10 1e-10 1e-10 1e-10 1e-10 1e-10 1e-10 12.5081
0.08 0.0196902 0.00020429 1.67263e-06 1e-10 1e-10 1e-10 1e-10 1e-10 1e-10 1e-10 1e-10 1e-10 1e-10 1e-10 1e-10 1e-10 1e-10 1e-10 9.38073
0.1 0.0304229 0.000484523 6.7544e-06 1e-10 1e-10 1e-10 1e-10 1e-10 1e-10 1e-10 1e-10 1e-10 1e-10 1e-10 1e-10 1e-10 1e-10 1e-10 7.50462
0.12 0.0432202 0.00097858 1.85366e-05 1.5581e-07 1e-10 1e-10 1e-10 1e-10 1e-10 1e-10 1e-10 1e-10 1e-10 1e-10 1e-10 1e-10 1e-10 1e-10 6.25263
0.14 0.0578753 0.0017842 4.032e-05 8.31495e-07 1e-10 1e-10 1e-10 1e-10 1e-10 1e-10 1e-10 1e-10 1e-10 1e-10 1e-10 1e-10 1e-10 1e-10 5.35911
0.16 0.0741713 0.00298994 8.49942e-05 2.29135e-06 1e-10 1e-10 1e-10 1e-10 1e-10 1e-10 1e-10 1e-10 1e-10 1e-10 1e-10 1e-10 1e-10 1e-10 4.68992
0.18 0.0918957 0.00467699 0.000167583 5.82495e-06 1e-10 1e-10 1e-10 1e-10 1e-10 1e-10 1e-10 1e-10 1e-10 1e-10 1e-10 1e-10 1e-10 1e-10 4.1691
0.2 0.110802 0.00694256 0.000304267 1.21853e-05 1e-10 1e-10 1e-10 1e-10 1e-10 1e-10 1e-10 1e-10 1e-10 1e-10 1e-10 1e-10 1e-10 1e-10 3.75164
0.22 0.13063 0.00988559 0.000513721 2.3397e-05 1.64825e-09 1e-10 1e-10 1e-10 1e-10 1e-10 1e-10 1e-10 1e-10 1e-10 1e-10 1e-10 1e-10 1e-10 3.40914
0.24 0.151079 0.0135989 0.000828875 4.26397e-05 2.83667e-07 1e-10 1e-10 1e-10 1e-10 1e-10 1e-10 1e-10 1e-10 1e-10 1e-10 1e-10 1e-10 1e-10 3.1238
0.26 0.171861 0.0181639 0.00128507 7.4534e-05 1.01726e-06 1e-10 1e-10 1e-10 1e-10 1e-10 1e-10 1e-10 1e-10 1e-10 1e-10 1e-10 1e-10 1e-10 2.88241
0.28 0.192682 0.0236504 0.00192337 0.000126845 2.49675e-06 8.46305e-08 1e-10 1e-10 1e-10 1e-10 1e-10 1e-10 1e-10 1e-10 1e-10 1e-10 1e-10 1e-10 2.67572
0.3 0.213307 0.0300755 0.00279708 0.000207006 6.30327e-06 5.19445e-07 1e-10 1e-10 1e-10 1e-10 1e-10 1e-10 1e-10 1e-10 1e-10 1e-10 1e-10 1e-10 2.49648
0.32 0.233481 0.0374415 0.00396503 0.000330601 1.47061e-05 1.33507e-06 2.50031e-08 1e-10 1e-10 1e-10 1e-10 1e-10 1e-10 1e-10 1e-10 1e-10 1e-10 1e-10 2.33991
0.34 0.252951 0.0457446 0.00548466 0.000516008 3.05249e-05 2.59529e-06 1.97588e-07 1e-10 1e-10 1e-10 1e-10 1e-10 1e-10 1e-10 1e-10 1e-10 1e-10 1e-10 2.20214
0.36 0.271512 0.0549665 0.00740653 0.000783025 5.44713e-05 5.20612e-06 7.97084e-07 1e-10 1e-10 1e-10 1e-10 1e-10 1e-10 1e-10 1e-10 1e-10 1e-10 1e-10 2.07959
0.38 0.288936 0.065095 0.00977443 0.0011544 9.19352e-05 9.51182e-06 1.82098e-06 1e-10 1e-10 1e-10 1e-10 1e-10 1e-10 1e-10 1e-10 1e-10 1e-10 1e-10 1.96973
0.4 0.305017 0.076098 0.0126264 0.00165803 0.000150737 1.65283e-05 3.443e-06 1e-10 1e-10 1e-10 1e-10 1e-10 1e-10 1e-10 1e-10 1e-10 1e-10 1e-10 1.87069
0.42 0.319588 0.0878778 0.0160419 0.00231262 0.000238119 2.79944e-05 5.70074e-06 1e-10 1e-10 1e-10 1e-10 1e-10 1e-10 1e-10 1e-10 1e-10 1e-10 1e-10 1.78086
0.44 0.332543 0.10028 0.0200916 0.00315174 0.000365139 4.59239e-05 8.76464e-06 2.47022e-09 1e-10 1e-10 1e-10 1e-10 1e-10 1e-10 1e-10 1e-10 1e-10 1e-10 1.69914
0.46 0.343685 0.11325 0.0247926 0.00421914 0.000543452 7.32979e-05 1.35376e-05 1.41305e-07 1e-10 1e-10 1e-10 1e-10 1e-10 1e-10 1e-10 1e-10 1e-10 1e-10 1.62466
0.48 0.352898 0.126704 0.0301407 0.00556874 0.000784083 0.000112145 2.12193e-05 6.51637e-07 1e-10 1e-10 1e-10 1e-10 1e-10 1e-10 1e-10 1e-10 1e-10 1e-10 1.55638
0.5 0.360168 0.140457 0.0361689 0.00723569 0.00110967 0.000166823 3.21594e-05 1.54465e-06 1e-10 1e-10 1e-10 1e-10 1e-10 1e-10 1e-10 1e-10 1e-10 1e-10 1.49348
0.52 0.365407 0.15438 0.0428918 0.00925354 0.00155487 0.000234676 4.85324e-05 3.16413e-06 1e-10 1e-10 1e-10 1e-10 1e-10 1e-10 1e-10 1e-10 1e-10 1e-10 1.43541
0.54 0.368709 0.168218 0.0503297 0.0116571 0.00214914 0.00032423 7.0452e-05 6.56115e-06 1e-10 1e-10 1e-10 1e-10 1e-10 1e-10 1e-10 1e-10 1e-10 1e-10 1.3816
0.56 0.370175 0.18174 0.058485 0.0144834 0.00291211 0.000454449 9.4469e-05 1.43581e-05 1.08631e-07 1e-10 1e-10 1e-10 1e-10 1e-10 1e-10 1e-10 1e-10 1e-10 1.33155
0.58 0.369781 0.194818 0.0673066 0.0177901 0.00385689 0.000645484 0.0001231 2.62552e-05 7.26199e-07 1e-10 1e-10 1e-10 1e-10 1e-10 1e-10 1e-10 1e-10 1e-10 1.28499
0.6 0.367503 0.207374 0.0767039 0.0216119 0.00502 0.000911393 0.000162899 4.09987e-05 2.50698e-06 1e-10 1e-10 1e-10 1e-10 1e-10 1e-10 1e-10 1e-10 1e-10 1.24161
0.62 0.363413 0.219299 0.0865734 0.0259819 0.00642545 0.00127853 0.000219915 5.88482e-05 5.76221e-06 1e-10 1e-10 1e-10 1e-10 1e-10 1e-10 1e-10 1e-10 1e-10 1.20108
0.64 0.357658 0.230373 0.0968489 0.0309456 0.00809605 0.00176475 0.000304669 8.16266e-05 1.06262e-05 1e-10 1e-10 1e-10 1e-10 1e-10 1e-10 1e-10 1e-10 1e-10 1.16324
0.66 0.350365 0.240458 0.107416 0.0365257 0.0100796 0.00238234 0.000425449 0.000111788 1.8112e-05 2.6255e-08 1e-10 1e-10 1e-10 1e-10 1e-10 1e-10 1e-10 1e-10 1.1278
0.68 0.341718 0.249324 0.118252 0.0427048 0.0124136 0.00314518 0.000598485 0.000151007 2.97613e-05 3.87775e-07 1e-10 1e-10 1e-10 1e-10 1e-10 1e-10 1e-10 1e-10 1.09458
0.7 0.331949 0.256844 0.129227 0.049453 0.0151418 0.00408099 0.000839897 0.000200376 4.70563e-05 2.37376e-06 8.63994e-08 1e-10 1e-10 1e-10 1e-10 1e-10 1e-10 1e-10 1.06337
0.72 0.321163 0.263025 0.140117 0.0567873 0.0183101 0.00520617 0.00115704 0.000272539 6.78652e-05 7.15113e-06 6.66815e-07 1e-10 1e-10 1e-10 1e-10 1e-10 1e-10 1e-10 1.03399
0.74 0.309501 0.267818 0.150806 0.0646755 0.0219128 0.0065686 0.00156499 0.000373801 9.45991e-05 1.50303e-05 1.96863e-06 1e-10 1e-10 1e-10 1e-10 1e-10 1e-10 1e-10 1.00627
0.76 0.297077 0.271206 0.161157 0.0730617 0.0259693 0.00820414 0.00208503 0.000510106 0.000131022 2.6852e-05 4.02663e-06 1e-10 1e-10 1e-10 1e-10 1e-10 1e-10 1e-10 0.980143
0.78 0.284058 0.273219 0.171011 0.0818584 0.0305229 0.0101355 0.00273633 0.000692137 0.000176759 4.47068e-05 7.68086e-06 1e-10 1e-10 1e-10 1e-10 1e-10 1e-10 1e-10 0.955385
0.8 0.270593 0.273912 0.180254 0.0909063 0.0356473 0.0123674 0.00354155 0.000932914 0.000237018 6.8768e-05 1.35564e-05 3.30704e-07 1e-10 1e-10 1e-10 1e-10 1e-10 1e-10 0.931821
0.82 0.256814 0.273252 0.188897 0.100031 0.0413541 0.0149415 0.00451852 0.00124331 0.000320411 9.85926e-05 2.22167e-05 1.4126e-06 1e-10 1e-10 1e-10 1e-10 1e-10 1e-10 0.909342
0.84 0.242793 0.271288 0.196839 0.109186 0.0475779 0.0179049 0.00569876 0.001631 0.000433529 0.00013211 3.64268e-05 3.62865e-06 1e-10 1e-10 1e-10 1e-10 1e-10 1e-10 0.887842
0.86 0.228654 0.268091 0.203955 0.118261 0.0543144 0.0212748 0.00711552 0.00211817 0.000580213 0.000170632 5.73326e-05 7.65666e-06 1e-10 1e-10 1e-10 1e-10 1e-10 1e-10 0.867324
0.88 0.214483 0.263755 0.210165 0.127148 0.0615287 0.0250633 0.00879051 0.00272987 0.000769408 0.000219274 8.41067e-05 1.47255e-05 8.86559e-10 1e-10 1e-10 1e-10 1e-10 1e-10 0.847717
0.9 0.20034 0.258354 0.215334 0.135928 0.0690538 0.0292958 0.0107573 0.00348449 0.00101429 0.000285067 0.000113769 2.65886e-05 1.80924e-07 1e-10 1e-10 1e-10 1e-10 1e-10 0.828965
0.92 0.186422 0.251797 0.219522 0.144497 0.0767976 0.0340034 0.0130351 0.00439985 0.00133228 0.000372144 0.000147077 4.27147e-05 1.47243e-06 1e-10 1e-10 1e-10 1e-10 1e-10 0.811002
0.94 0.172856 0.244177 0.222702 0.152728 0.0846992 0.0391675 0.0156568 0.00550674 0.00173826 0.000486844 0.000186238 6.19959e-05 4.7842e-06 5.11652e-09 1e-10 1e-10 1e-10 1e-10 0.793766
0.96 0.159711 0.235642 0.224825 0.160461 0.0927923 0.0447056 0.0186476 0.00684194 0.00225005 0.000632235 0.000239963 8.18111e-05 1.11041e-05 6.58039e-07 1e-10 1e-10 1e-10 1e-10 0.777244
0.98 0.147052 0.226359 0.225798 0.167625 0.100999 0.0506182 0.0220169 0.00842249 0.00288404 0.000825357 0.000305855 0.000107858 1.97096e-05 2.35258e-06 1e-10 1e-10 1e-10 1e-10 0.761407
1 0.134943 0.21649 0.225565 0.174161 0.109162 0.0569406 0.0257858 0.0102476 0.00365971 0.00108733 0.000387035 0.000139063 3.20966e-05 5.50738e-06 1e-10 1e-10 1e-10 1e-10 0.746225
1.02 0.123438 0.206146 0.224121 0.180093 0.117091 0.0636626 0.0299225 0.0123824 0.00459431 0.00143154 0.000492142 0.000172134 4.84789e-05 1.15884e-05 7.89728e-09 1e-10 1e-10 1e-10 0.731669
1.04 0.112563 0.195469 0.221499 0.185327 0.124682 0.0707587 0.034422 0.0148354 0.00572032 0.00187509 0.000632203 0.000209011 6.70783e-05 2.1655e-05 1.65839e-07 1e-10 1e-10 1e-10 0.717734
1.06 0.102346 0.184586 0.217761 0.189761 0.131896 0.0781111 0.0393156 0.0176152 0.00706953 0.00241255 0.00082836 0.000261025 8.35402e-05 3.61312e-05 1.08168e-06 1e-10 1e-10 1e-10 0.704388
1.08 0.0927345 0.173712 0.212925 0.193275 0.138817 0.0855307 0.044602 0.0207477 0.00865201 0.00307119 0.0010854 0.000338677 0.000100691 5.19582e-05 4.39908e-06 4.18119e-09 1e-10 1e-10 0.691565
1.1 0.0837239 0.162921 0.207119 0.1958 0.145363 0.0929727 0.0502425 0.0242332 0.0104981 0.00387152 0.00140993 0.000448437 0.000123818 6.88554e-05 1.03952e-05 2.60454e-07 1e-10 1e-10 0.679223
1.12 0.0753336 0.152236 0.20052 0.197277 0.151467 0.100358 0.0561906 0.0280691 0.0126253 0.004865 0.001799 0.000597554 0.0001558 8.90888e-05 1.82438e-05 1.43052e-06 1e-10 1e-10 0.667319
1.14 0.0675808 0.141637 0.193307 0.197691 0.157044 0.107599 0.0624426 0.0322301 0.0150439 0.00607252 0.00228367 0.000784082 0.000203456 0.000112034 2.86706e-05 3.92834e-06 7.95778e-08 1e-10 0.655809
1.16 0.0604353 0.131276 0.185482 0.197088 0.162025 0.114599 0.068964 0.0367112 0.0177868 0.00748314 0.00289764 0.00101781 0.000269138 0.000139837 4.00859e-05 9.18276e-06 6.27109e-07 1e-10 0.64467
1.18 0.0538812 0.121208 0.177164 0.195463 0.16637 0.121309 0.0756591 0.0415203 0.0208455 0.00913177 0.00364029 0.00132202 0.000362459 0.000171059 5.39004e-05 1.77052e-05 1.7719e-06 1e-10 0.633875