0 1e-10 1e-10 1e-10 1e-10 1e-10 1e-10 1e-10 1e-10 1e-10 1e-10 1e-10 1e-10 1e-10 1e-10 1e-10 1e-10 1e-10 1e-10
0.02 0.001256637061 1e-10 1e-10 1e-10 1e-10 1e-10 1e-10 1e-10 1e-10 1e-10 1e-10 1e-10 1e-10 1e-10 1e-10 1e-10 1e-10 1e-10
0.04 0.005026548245 1e-10 1e-10 1e-10 1e-10 1e-10 1e-10 1e-10 1e-10 1e-10 1e-10 1e-10 1e-10 1e-10 1e-10 1e-10 1e-10 1e-10
0.06 0.01130973355 1e-10 1e-10 1e-10 1e-10 1e-10 1e-10 1e-10 1e-10 1e-10 1e-10 1e-10 1e-10 1e-10 1e-10 1e-10 1e-10 1e-10
0.08 0.02010619298 1e-10 1e-10 1e-10 1e-10 1e-10 1e-10 1e-10 1e-10 1e-10 1e-10 1e-10 1e-10 1e-10 1e-10 1e-10 1e-10 1e-10
0.1 0.03141592653 1e-10 1e-10 1e-10 1e-10 1e-10 1e-10 1e-10 1e-10 1e-10 1e-10 1e-10 1e-10 1e-10 1e-10 1e-10 1e-10 1e-10
0.12 0.04523893421 1e-10 1e-10 1e-10 1e-10 1e-10 1e-10 1e-10 1e-10 1e-10 1e-10 1e-10 1e-10 1e-10 1e-10 1e-10 1e-10 1e-10
0.14 0.061575216 1e-10 1e-10 1e-10 1e-10 1e-10 1e-10 1e-10 1e-10 1e-10 1e-10 1e-10 1e-10 1e-10 1e-10 1e-10 1e-10 1e-10
0.16 0.08042477192 1e-10 1e-10 1e-10 1e-10 1e-10 1e-10 1e-10 1e-10 1e-10 1e-10 1e-10 1e-10 1e-10 1e-10 1e-10 1e-10 1e-10
0.18 0.101787602 1e-10 1e-10 1e-10 1e-10 1e-10 1e-10 1e-10 1e-10 1e-10 1e-10 1e-10 1e-10 1e-10 1e-10 1e-10 1e-10 1e-10
0.2 0.1256637061 1e-10 1e-10 1e-10 1e-10 1e-10 1e-10 1e-10 1e-10 1e-10 1e-10 1e-10 1e-10 1e-10 1e-10 1e-10 1e-10 1e-10
0.22 0.1520530844 1e-10 1e-10 1e-10 1e-10 1e-10 1e-10 1e-10 1e-10 1e-10 1e-10 1e-10 1e-10 1e-10 1e-10 1e-10 1e-10 1e-10
0.24 0.1809557368 1e-10 1e-10 1e-10 1e-10 1e-10 1e-10 1e-10 1e-10 1e-10 1e-10 1e-10 1e-10 1e-10 1e-10 1e-10 1e-10 1e-10
0.26 0.2123716634 1e-10 1e-10 1e-10 1e-10 1e-10 1e-10 1e-10 1e-10 1e-10 1e-10 1e-10 1e-10 1e-10 1e-10 1e-10 1e-10 1e-10
0.28 0.246300864 1e-10 1e-10 1e-10 1e-10 1e-10 1e-10 1e-10 1e-10 1e-10 1e-10 1e-10 1e-10 1e-10 1e-10 1e-10 1e-10 1e-10
0.3 0.2827433388 1e-10 1e-10 1e-10 1e-10 1e-10 1e-10 1e-10 1e-10 1e-10 1e-10 1e-10 1e-10 1e-10 1e-10 1e-10 1e-10 1e-10
0.32 0.3216990877 1e-10 1e-10 1e-10 1e-10 1e-10 1e-10 1e-10 1e-10 1e-10 1e-10 1e-10 1e-10 1e-10 1e-10 1e-10 1e-10 1e-10
0.34 0.3631681107 1e-10 1e-10 1e-10 1e-10 1e-10 1e-10 1e-10 1e-10 1e-10 1e-10 1e-10 1e-10 1e-10 1e-10 1e-10 1e-10 1e-10
0.36 0.4071504079 1e-10 1e-10 1e-10 1e-10 1e-10 1e-10 1e-10 1e-10 1e-10 1e-10 1e-10 1e-10 1e-10 1e-10 1e-10 1e-10 1e-10
0.38 0.4536459791 1e-10 1e-10 1e-10 1e-10 1e-10 1e-10 1e-10 1e-10 1e-10 1e-10 1e-10 1e-10 1e-10 1e-10 1e-10 1e-10 1e-10
0.4 0.5026548245 1e-10 1e-10 1e-10 1e-10 1e-10 1e-10 1e-10 1e-10 1e-10 1e-10 1e-10 1e-10 1e-10 1e-10 1e-10 1e-10 1e-10
0.42 0.554176944 1e-10 1e-10 1e-10 1e-10 1e-10 1e-10 1e-10 1e-10 1e-10 1e-10 1e-10 1e-10 1e-10 1e-10 1e-10 1e-10 1e-10
0.44 0.6082087672 1.784736761e-06 1e-10 1e-10 1e-10 1e-10 1e-10 1e-10 1e-10 1e-10 1e-10 1e-10 1e-10 1e-10 1e-10 1e-10 1e-10 1e-10
0.46 0.6646965262 3.223086877e-05 1e-10 1e-10 1e-10 1e-10 1e-10 1e-10 1e-10 1e-10 1e-10 1e-10 1e-10 1e-10 1e-10 1e-10 1e-10 1e-10
0.48 0.723012314 0.0004052069633 1e-10 1e-10 1e-10 1e-10 1e-10 1e-10 1e-10 1e-10 1e-10 1e-10 1e-10 1e-10 1e-10 1e-10 1e-10 1e-10
0.5 0.7818553976 0.001770903363 1e-10 1e-10 1e-10 1e-10 1e-10 1e-10 1e-10 1e-10 1e-10 1e-10 1e-10 1e-10 1e-10 1e-10 1e-10 1e-10
0.52 0.8378450999 0.005819201122 1e-10 1e-10 1e-10 1e-10 1e-10 1e-10 1e-10 1e-10 1e-10 1e-10 1e-10 1e-10 1e-10 1e-10 1e-10 1e-10
0.54 0.8815840476 0.01724751504 1e-10 1e-10 1e-10 1e-10 1e-10 1e-10 1e-10 1e-10 1e-10 1e-10 1e-10 1e-10 1e-10 1e-10 1e-10 1e-10
0.56 0.8991271382 0.04302650887 1e-10 1e-10 1e-10 1e-10 1e-10 1e-10 1e-10 1e-10 1e-10 1e-10 1e-10 1e-10 1e-10 1e-10 1e-10 1e-10
0.58 0.8865448116 0.08512040065 2.016457153e-08 1e-10 1e-10 1e-10 1e-10 1e-10 1e-10 1e-10 1e-10 1e-10 1e-10 1e-10 1e-10 1e-10 1e-10 1e-10
0.6 0.8479406207 0.1414418444 2.414539249e-05 1e-10 1e-10 1e-10 1e-10 1e-10 1e-10 1e-10 1e-10 1e-10 1e-10 1e-10 1e-10 1e-10 1e-10 1e-10
0.62 0.7878195636 0.2091676793 0.0004532496004 1e-10 1e-10 1e-10 1e-10 1e-10 1e-10 1e-10 1e-10 1e-10 1e-10 1e-10 1e-10 1e-10 1e-10 1e-10
0.64 0.7162711541 0.2792856539 0.003933421375 1e-10 1e-10 1e-10 1e-10 1e-10 1e-10 1e-10 1e-10 1e-10 1e-10 1e-10 1e-10 1e-10 1e-10 1e-10
0.66 0.6456083145 0.340319073 0.01401283854 1e-10 1e-10 1e-10 1e-10 1e-10 1e-10 1e-10 1e-10 1e-10 1e-10 1e-10 1e-10 1e-10 1e-10 1e-10
0.68 0.5787923735 0.3899665695 0.03123894068 1e-10 1e-10 1e-10 1e-10 1e-10 1e-10 1e-10 1e-10 1e-10 1e-10 1e-10 1e-10 1e-10 1e-10 1e-10
0.7 0.5163518068 0.42818147 0.05546672319 1e-10 1e-10 1e-10 1e-10 1e-10 1e-10 1e-10 1e-10 1e-10 1e-10 1e-10 1e-10 1e-10 1e-10 1e-10
0.72 0.4581099701 0.4554774474 0.08641258251 1e-10 1e-10 1e-10 1e-10 1e-10 1e-10 1e-10 1e-10 1e-10 1e-10 1e-10 1e-10 1e-10 1e-10 1e-10
0.74 0.403823336 0.4723480186 0.1238286453 1e-10 1e-10 1e-10 1e-10 1e-10 1e-10 1e-10 1e-10 1e-10 1e-10 1e-10 1e-10 1e-10 1e-10 1e-10
0.76 0.3532976874 0.4791817846 0.1675204566 7.136583876e-08 1e-10 1e-10 1e-10 1e-10 1e-10 1e-10 1e-10 1e-10 1e-10 1e-10 1e-10 1e-10 1e-10 1e-10
0.78 0.3063808822 0.4762930591 0.21731588 1.017875157e-05 1e-10 1e-10 1e-10 1e-10 1e-10 1e-10 1e-10 1e-10 1e-10 1e-10 1e-10 1e-10 1e-10 1e-10
0.8 0.2629616499 0.4639706261 0.2729711587 9.656527399e-05 1e-10 1e-10 1e-10 1e-10 1e-10 1e-10 1e-10 1e-10 1e-10 1e-10 1e-10 1e-10 1e-10 1e-10
0.82 0.2229650899 0.4425341405 0.3340715956 0.0004291739942 1e-10 1e-10 1e-10 1e-10 1e-10 1e-10 1e-10 1e-10 1e-10 1e-10 1e-10 1e-10 1e-10 1e-10
0.84 0.1863393201 0.412413787 0.399912238 0.001334654932 1e-10 1e-10 1e-10 1e-10 1e-10 1e-10 1e-10 1e-10 1e-10 1e-10 1e-10 1e-10 1e-10 1e-10
0.86 0.1530489845 0.3742377035 0.4693424728 0.003370839222 1e-10 1e-10 1e-10 1e-10 1e-10 1e-10 1e-10 1e-10 1e-10 1e-10 1e-10 1e-10 1e-10 1e-10
0.88 0.1230676514 0.3288424332 0.5407679197 0.007321995724 1e-10 1e-10 1e-10 1e-10 1e-10 1e-10 1e-10 1e-10 1e-10 1e-10 1e-10 1e-10 1e-10 1e-10
0.9 0.09638077844 0.2777254806 0.6112360841 0.01465765693 1e-10 1e-10 1e-10 1e-10 1e-10 1e-10 1e-10 1e-10 1e-10 1e-10 1e-10 1e-10 1e-10 1e-10
0.92 0.07299137007 0.2238470476 0.6748153366 0.02834619347 5.219819807e-08 1e-10 1e-10 1e-10 1e-10 1e-10 1e-10 1e-10 1e-10 1e-10 1e-10 1e-10 1e-10 1e-10
0.94 0.05294355843 0.1717962885 0.7221937876 0.05306379425 2.569704724e-06 1.520350961e-09 1e-10 1e-10 1e-10 1e-10 1e-10 1e-10 1e-10 1e-10 1e-10 1e-10 1e-10 1e-10
0.96 0.03627848227 0.1262013343 0.7440111471 0.09347859811 3.03284606e-05 1.096849105e-07 1e-10 1e-10 1e-10 1e-10 1e-10 1e-10 1e-10 1e-10 1e-10 1e-10 1e-10 1e-10
0.98 0.0229597851 0.08906864671 0.7364783168 0.1512948458 0.0001966946752 1.710848853e-06 1e-10 1e-10 1e-10 1e-10 1e-10 1e-10 1e-10 1e-10 1e-10 1e-10 1e-10 1e-10
1 0.01290177525 0.05977385173 0.7014196202 0.225089989 0.0008006107588 1.415306665e-05 1e-10 1e-10 1e-10 1e-10 1e-10 1e-10 1e-10 1e-10 1e-10 1e-10 1e-10 1e-10
1.02 0.006019731532 0.03697119429 0.6424754089 0.3119913125 0.002474747851 6.760498882e-05 1e-10 1e-10 1e-10 1e-10 1e-10 1e-10 1e-10 1e-10 1e-10 1e-10 1e-10 1e-10
1.04 0.002127583554 0.01978568054 0.5634840127 0.4077759075 0.006582364704 0.0002444263239 2.464682484e-08 1e-10 1e-10 1e-10 1e-10 1e-10 1e-10 1e-10 1e-10 1e-10 1e-10 1e-10
1.06 0.0005358458439 0.008564055411 0.4693287448 0.5046214409 0.01618431684 0.0007633890782 2.207181821e-06 1e-10 1e-10 1e-10 1e-10 1e-10 1e-10 1e-10 1e-10 1e-10 1e-10 1e-10
1.08 0.0001084385658 0.003209766384 0.3700237603 0.588130672 0.03615098716 0.002325019361 5.135624174e-05 1e-10 1e-10 1e-10 1e-10 1e-10 1e-10 1e-10 1e-10 1e-10 1e-10 1e-10
1.1 2.318959543e-05 0.001215755273 0.27914723 0.6443053227 0.06819521699 0.006662917764 0.0004503676597 1e-10 1e-10 1e-10 1e-10 1e-10 1e-10 1e-10 1e-10 1e-10 1e-10 1e-10
1.12 4.715272932e-06 0.0004383712806 0.2025963236 0.671655025 0.108384796 0.01489854642 0.002022222484 1e-10 1e-10 1e-10 1e-10 1e-10 1e-10 1e-10 1e-10 1e-10 1e-10 1e-10
1.14 8.209159197e-07 0.0001335767969 0.1405229492 0.6733195341 0.1541595217 0.02615878752 0.005704808849 8.579920612e-10 1e-10 1e-10 1e-10 1e-10 1e-10 1e-10 1e-10 1e-10 1e-10 1e-10
1.16 6.145905396e-08 2.950017744e-05 0.09186438508 0.6525515688 0.203861789 0.03967902436 0.01201345071 2.204389725e-07 1e-10 1e-10 1e-10 1e-10 1e-10 1e-10 1e-10 1e-10 1e-10 1e-10
1.18 1e-10 3.584486754e-06 0.05535639437 0.6123480243 0.2560541124 0.05503038766 0.02120344217 4.054626936e-06 1e-10 1e-10 1e-10 1e-10 1e-10 1e-10 1e-10 1e-10 1e-10 1e-10
1.2 1e-10 9.43491193e-08 0.02970032736 0.5554771963 0.3095138456 0.07184838563 0.03342970301 3.044768055e-05 1e-10 1e-10 1e-10 1e-10 1e-10 1e-10 1e-10 1e-10 1e-10 1e-10
1.22 1e-10 1e-10 0.01345877298 0.4849624437 0.3626878699 0.09006743459 0.04869007303 0.0001334057675 1e-10 1e-10 1e-10 1e-10 1e-10 1e-10 1e-10 1e-10 1e-10 1e-10
1.24 1e-10 1e-10 0.004918065312 0.4048667916 0.4125262943 0.1105403093 0.06676395589 0.0003845835834 1e-10 1e-10 1e-10 1e-10 1e-10 1e-10 1e-10 1e-10 1e-10 1e-10
1.26 1e-10 1e-10 0.001521870237 0.3220841251 0.4528196889 0.1352720917 0.08747554475 0.000826679328 1e-10 1e-10 1e-10 1e-10 1e-10 1e-10 1e-10 1e-10 1e-10 1e-10
1.28 1e-10 1e-10 0.0003861074678 0.2448112599 0.4758192005 0.1667086481 0.1108123174 0.001462466729 1e-10 1e-10 1e-10 1e-10 1e-10 1e-10 1e-10 1e-10 1e-10 1e-10
1.3 1e-10 1e-10 7.304483119e-05 0.1772026674 0.4777665974 0.2056445539 0.1370303097 0.002282826753 1e-10 1e-10 1e-10 1e-10 1e-10 1e-10 1e-10 1e-10 1e-10 1e-10
1.32 1e-10 1e-10 1.025342043e-05 0.1209332102 0.4577544379 0.2511750224 0.1668238719 0.003303204132 1e-10 1e-10 1e-10 1e-10 1e-10 1e-10 1e-10 1e-10 1e-10 1e-10
1.34 1e-10 1e-10 1.472235287e-06 0.07638628487 0.4169212247 0.3007649615 0.2012949632 0.004631047298 4.610662045e-08 1e-10 1e-10 1e-10 1e-10 1e-10 1e-10 1e-10 1e-10 1e-10
1.36 1e-10 1e-10 1.873028966e-07 0.04334211706 0.3578827136 0.3503461107 0.2418444738 0.006583559295 8.383273427e-07 1e-10 1e-10 1e-10 1e-10 1e-10 1e-10 1e-10 1e-10 1e-10
1.38 1e-10 1e-10 2.017237488e-10 0.02111354436 0.2849581563 0.39411908 0.2898958546 0.00990803632 5.328329043e-06 1e-10 1e-10 1e-10 1e-10 1e-10 1e-10 1e-10 1e-10 1e-10
1.4 1e-10 1e-10 1e-10 0.008406087813 0.2052397846 0.4232235475 0.3470946925 0.0160012701 3.46174693e-05 1e-10 1e-10 1e-10 1e-10 1e-10 1e-10 1e-10 1e-10 1e-10
1.42 1e-10 1e-10 1e-10 0.002709562206 0.1301051698 0.4251742119 0.4143867704 0.02746623236 0.0001580084186 4.486810568e-08 1e-10 1e-10 1e-10 1e-10 1e-10 1e-10 1e-10 1e-10
1.44 1e-10 1e-10 1e-10 0.0007048301944 0.07176488048 0.3903967977 0.4877988193 0.0487223239 0.0006119604004 3.880783099e-07 1e-10 1e-10 1e-10 1e-10 1e-10 1e-10 1e-10 1e-10
1.46 1e-10 1e-10 1e-10 0.0001408274087 0.03464535835 0.3241661315 0.5531230211 0.08590945988 0.002012973249 2.228535758e-06 1e-10 1e-10 1e-10 1e-10 1e-10 1e-10 1e-10 1e-10
1.48 1e-10 1e-10 1e-10 2.098358361e-05 0.01489372601 0.2451257299 0.5900208405 0.1441746602 0.00575186839 1.219142416e-05 1e-10 1e-10 1e-10 1e-10 1e-10 1e-10 1e-10 1e-10
1.5 1e-10 1e-10 1e-10 2.617816073e-06 0.005786322941 0.1718666106 0.5858275711 0.2217178375 0.01473219372 6.684635484e-05 1e-10 1e-10 1e-10 1e-10 1e-10 1e-10 1e-10 1e-10
1.52 1e-10 1e-10 1e-10 2.416253718e-07 0.002000387329 0.113623142 0.5435521445 0.3067063388 0.0337787977 0.0003387817297 1.662814522e-07 1e-10 1e-10 1e-10 1e-10 1e-10 1e-10 1e-10
1.54 1e-10 1e-10 1e-10 9.819163593e-09 0.0005856503468 0.07091946139 0.4772270124 0.3819150767 0.06798100274 0.001368114014 3.672625804e-06 1e-10 1e-10 1e-10 1e-10 1e-10 1e-10 1e-10
1.56 1e-10 1e-10 1e-10 1e-10 0.0001371627922 0.04106338017 0.401337108 0.4333421412 0.1197078433 0.004383121939 2.924218613e-05 4.694716775e-10 1e-10 1e-10 1e-10 1e-10 1e-10 1e-10
1.58 1e-10 1e-10 1e-10 1e-10 2.653527721e-05 0.02142346231 0.3254967162 0.4545851529 0.1866581584 0.01166341167 0.0001465060568 5.720743185e-08 1e-10 1e-10 1e-10 1e-10 1e-10 1e-10
1.6 1e-10 1e-10 1e-10 1e-10 4.781686681e-06 0.009746411998 0.2557501233 0.4451432899 0.2621586704 0.02664181564 0.0005540708966 8.361523125e-07 1e-10 1e-10 1e-10 1e-10 1e-10 1e-10
1.62 1e-10 1e-10 1e-10 1e-10 4.816936471e-07 0.003791669343 0.196230181 0.4088784428 0.3359456645 0.05337199585 0.001768744034 1.282083593e-05 1e-10 1e-10 1e-10 1e-10 1e-10 1e-10
1.64 1e-10 1e-10 1e-10 1e-10 3.304926999e-09 0.00129494577 0.1490024934 0.3542523794 0.3953977029 0.0949308221 0.005011744971 0.0001099082228 1e-10 1e-10 1e-10 1e-10 1e-10 1e-10
1.66 1e-10 1e-10 1e-10 1e-10 1e-10 0.0004059037812 0.1128977246 0.2940106871 0.4290938703 0.1502231293 0.01273540053 0.0006332838761 4.681946285e-10 1e-10 1e-10 1e-10 1e-10 1e-10
1.68 1e-10 1e-10 1e-10 1e-10 1e-10 0.0001168954805 0.08473956609 0.2379556407 0.4357431035 0.2111804606 0.02768313413 0.00258109106 1.08529709e-07 1e-10 1e-10 1e-10 1e-10 1e-10
1.7 1e-10 1e-10 1e-10 1e-10 1e-10 2.956353879e-05 0.06215253995 0.1892220476 0.4215289328 0.2691353005 0.05037594261 0.00755430131 1.371639894e-06 1e-10 1e-10 1e-10 1e-10 1e-10
1.72 1e-10 1e-10 1e-10 1e-10 1e-10 6.367266913e-06 0.04384791465 0.1478764545 0.3926547888 0.3189283643 0.07953681038 0.01713605336 1.324670654e-05 1e-10 1e-10 1e-10 1e-10 1e-10
1.74 1e-10 1e-10 1e-10 1e-10 1e-10 9.55935917e-07 0.02921360187 0.1128044923 0.3542229908 0.3576433078 0.1135319998 0.03250275893 7.989247742e-05 1e-10 1e-10 1e-10 1e-10 1e-10
1.76 1e-10 1e-10 1e-10 1e-10 1e-10 8.844740818e-08 0.01798396285 0.08295159062 0.3093608443 0.384298438 0.1506766646 0.05441857325 0.0003097804534 5.740046074e-08 1e-10 1e-10 1e-10 1e-10
1.78 1e-10 1e-10 1e-10 1e-10 1e-10 1e-10 0.009932906753 0.05775205315 0.2601030689 0.3982777836 0.1897319742 0.08328150895 0.0009198986891 8.057517399e-07 1e-10 1e-10 1e-10 1e-10
1.8 1e-10 1e-10 1e-10 1e-10 1e-10 1e-10 0.004701036808 0.0371956469 0.2081324365 0.3987278604 0.2296049112 0.1193224245 0.002310205215 5.478494087e-06 1e-10 1e-10 1e-10 1e-10
1.82 1e-10 1e-10 1e-10 1e-10 1e-10 1e-10 0.001803982053 0.02138260498 0.1558242975 0.383986427 0.2691965385 0.1626474239 0.005127644626 3.108149001e-05 1e-10 1e-10 1e-10 1e-10
1.84 1e-10 1e-10 1e-10 1e-10 1e-10 1e-10 0.0005417215993 0.01053384379 0.1064378958 0.3519479418 0.306620917 0.2134705618 0.01030269111 0.0001444272121 1e-10 1e-10 1e-10 1e-10
1.86 1e-10 1e-10 1e-10 1e-10 1e-10 1e-10 0.0001197533299 0.004423563653 0.06423785518 0.3014372515 0.3380560801 0.2719604284 0.01925589572 0.0005091666992 5.438414914e-09 1e-10 1e-10 1e-10
1.88 1e-10 1e-10 1e-10 1e-10 1e-10 1e-10 1.994109652e-05 0.001682522405 0.03337913877 0.2352780151 0.3563599107 0.3376408447 0.03413232557 0.001506803897 4.834632879e-07 1.426940972e-08 1e-10 1e-10
1.9 1e-10 1e-10 1e-10 1e-10 1e-10 1e-10 3.070890962e-06 0.0006211163364 0.01493443952 0.1632070636 0.3514805373 0.4077097404 0.05818400175 0.003853861819 6.03568069e-06 1.327104611e-07 1e-10 1e-10
1.92 1e-10 1e-10 1e-10 1e-10 1e-10 1e-10 3.079876626e-07 0.0002221065863 0.005877100972 0.09881855224 0.3165697988 0.4742090684 0.09522457503 0.009034932252 4.307159079e-05 4.860940684e-07 1e-10 1e-10
1.94 1e-10 1e-10 1e-10 1e-10 1e-10 1e-10 2.837568625e-09 7.31479205e-05 0.002070472226 0.05176472405 0.2547876022 0.5232970938 0.1481706461 0.01963241106 0.0002023426742 1.557114032e-06 1e-10 1e-10
1.96 1e-10 1e-10 1e-10 1e-10 1e-10 1e-10 1e-10 2.205337137e-05 0.0006511867173 0.02355091548 0.1803051804 0.5388962582 0.216197152 0.0395861627 0.0007842293695 6.861688797e-06 1e-10 1e-10
1.98 1e-10 1e-10 1e-10 1e-10 1e-10 1e-10 1e-10 6.296998666e-06 0.0001801922976 0.009447083281 0.111973575 0.5103562056 0.2914329439 0.07393950706 0.002630201507 3.399420994e-05 1.557392696e-10 1e-10
2 1e-10 1e-10 1e-10 1e-10 1e-10 1e-10 1e-10 1.543395075e-06 4.202189429e-05 0.003375762759 0.06217519821 0.4426747609 0.3564831817 0.1273003622 0.007789272778 0.0001576065717 2.896078809e-07 1e-10
2.02 1e-10 1e-10 1e-10 1e-10 1e-10 1e-10 1e-10 4.023378158e-07 8.323509165e-06 0.001057471002 0.03175309003 0.3562682949 0.3906912288 0.1994864019 0.02006754379 0.0006618139375 5.429735742e-06 1e-10
2.04 1e-10 1e-10 1e-10 1e-10 1e-10 1e-10 1e-10 4.80376704e-08 1.485360079e-06 0.0002783418038 0.01526045652 0.2720863095 0.3848488639 0.2803557731 0.04469018681 0.002437745905 4.077055916e-05 1.843960988e-08
2.06 1e-10 1e-10 1e-10 1e-10 1e-10 1e-10 1e-10 1e-10 9.946710622e-08 6.135522089e-05 0.006961524707 0.2007952912 0.3474707558 0.3512192236 0.08561591256 0.007674059104 0.0002007123914 1.066015523e-06
2.08 1e-10 1e-10 1e-10 1e-10 1e-10 1e-10 1e-10 1e-10 1e-10 1.118368903e-05 0.003039881253 0.1439297588 0.2948640952 0.3967452027 0.1402720622 0.02031310989 0.0008151827833 9.500652261e-06
2.1 1e-10 1e-10 1e-10 1e-10 1e-10 1e-10 1e-10 1e-10 1e-10 1.395114349e-06 0.001277042194 0.09981336103 0.2390257018 0.4138527216 0.1983454006 0.04484741672 0.00278554516 5.110732173e-05
2.12 1e-10 1e-10 1e-10 1e-10 1e-10 1e-10 1e-10 1e-10 1e-10 2.557551626e-08 0.0005047284296 0.0663387215 0.1861315252 0.407357426 0.2482633163 0.08314253584 0.008034332745 0.0002252645074
2.14 1e-10 1e-10 1e-10 1e-10 1e-10 1e-10 1e-10 1e-10 1e-10 1e-10 0.0001762527487 0.04159634536 0.1389925888 0.3832332552 0.2837722298 0.1317730744 0.01956970449 0.0008721738629
2.16 1e-10 1e-10 1e-10 1e-10 1e-10 1e-10 1e-10 1e-10 1e-10 1e-10 5.332931484e-05 0.0240441252 0.09865277491 0.3461798732 0.304354123 0.1835825409 0.04021494102 0.002836140725
2.18 1e-10 1e-10 1e-10 1e-10 1e-10 1e-10 1e-10 1e-10 1e-10 1e-10 1.376877821e-05 0.01242225274 0.06547896463 0.2995815443 0.3118109008 0.2321548264 0.0705878679 0.007594513972
2.2 1e-10 1e-10 1e-10 1e-10 1e-10 1e-10 1e-10 1e-10 1e-10 1e-10 3.457883952e-06 0.00550020729 0.03967757375 0.2464345799 0.3073278901 0.2742873692 0.1087127486 0.01679080909
2.22 1e-10 1e-10 1e-10 1e-10 1e-10 1e-10 1e-10 1e-10 1e-10 1e-10 8.258976796e-07 0.001996957016 0.02126240219 0.1904141324 0.2905376718 0.3085561736 0.1523400083 0.03134941868
2.24 1e-10 1e-10 1e-10 1e-10 1e-10 1e-10 1e-10 1e-10 1e-10 1e-10 4.255893371e-08 0.0005755043079 0.009862215232 0.1363416155 0.2604432266 0.3329544469 0.2000475259 0.05166745127
2.26 1e-10 1e-10 1e-10 1e-10 1e-10 1e-10 1e-10 1e-10 1e-10 1e-10 1e-10 0.0001303468878 0.003947965786 0.08988009033 0.2177901418 0.3434490998 0.2503594353 0.0784809507
2.28 1e-10 1e-10 1e-10 1e-10 1e-10 1e-10 1e-10 1e-10 1e-10 1e-10 1e-10 2.264189039e-05 0.001367553359 0.05445938831 0.1679135384 0.3347355278 0.300101351 0.1131085695
2.3 1e-10 1e-10 1e-10 1e-10 1e-10 1e-10 1e-10 1e-10 1e-10 1e-10 1e-10 2.537080437e-06 0.0004087712191 0.03023047204 0.1184621089 0.3040682906 0.3431906177 0.1569215594
2.32 1e-10 1e-10 1e-10 1e-10 1e-10 1e-10 1e-10 1e-10 1e-10 1e-10 1e-10 1.312063177e-07 0.0001067855489 0.01524416384 0.07601883918 0.2542068279 0.3706649337 0.2097801239
2.34 1e-10 1e-10 1e-10 1e-10 1e-10 1e-10 1e-10 1e-10 1e-10 1e-10 1e-10 1e-10 2.302266213e-05 0.00687415872 0.0440191724 0.1934923414 0.3735845681 0.2676871413
2.36 1e-10 1e-10 1e-10 1e-10 1e-10 1e-10 1e-10 1e-10 1e-10 1e-10 1e-10 1e-10 3.278200229e-06 0.002703318723 0.02278119717 0.1327124662 0.3470454533 0.3219072658
2.38 1e-10 1e-10 1e-10 1e-10 1e-10 1e-10 1e-10 1e-10 1e-10 1e-10 1e-10 1e-10 2.234241986e-07 0.0008904029494 0.01045761179 0.08135470097 0.2936451263 0.3596089263
2.4 1e-10 1e-10 1e-10 1e-10 1e-10 1e-10 1e-10 1e-10 1e-10 1e-10 1e-10 1e-10 8.895160164e-10 0.0002348164957 0.004225324326 0.04443850279 0.2245387054 0.367607859
2.42 1e-10 1e-10 1e-10 1e-10 1e-10 1e-10 1e-10 1e-10 1e-10 1e-10 1e-10 1e-10 1e-10 4.852879152e-05 0.001511409235 0.02177851471 0.1545979064 0.3402810068
2.44 1e-10 1e-10 1e-10 1e-10 1e-10 1e-10 1e-10 1e-10 1e-10 1e-10 1e-10 1e-10 1e-10 7.332536948e-06 0.0004873287199 0.009753183065 0.09616654602 0.2840784618
2.46 1e-10 1e-10 1e-10 1e-10 1e-10 1e-10 1e-10 1e-10 1e-10 1e-10 1e-10 1e-10 1e-10 6.534025142e-07 0.0001389035766 0.004063411929 0.05452666065 0.2146332136
2.48 1e-10 1e-10 1e-10 1e-10 1e-10 1e-10 1e-10 1e-10 1e-10 1e-10 1e-10 1e-10 1e-10 1.252636161e-08 3.34761695e-05 0.001578731811 0.0284781332 0.1477668983
2.5 1e-10 1e-10 1e-10 1e-10 1e-10 1e-10 1e-10 1e-10 1e-10 1e-10 1e-10 1e-10 1e-10 1e-10 7.167968778e-06 0.0005788174893 0.01375476378 0.09367922778
2.52 1e-10 1e-10 1e-10 1e-10 1e-10 1e-10 1e-10 1e-10 1e-10 1e-10 1e-10 1e-10 1e-10 1e-10 1.505192547e-06 0.000201278832 0.0062338686 0.05509894383
2.54 1e-10 1e-10 1e-10 1e-10 1e-10 1e-10 1e-10 1e-10 1e-10 1e-10 1e-10 1e-10 1e-10 1e-10 2.939675754e-07 6.517593771e-05 0.002711317174 0.03045431828
2.56 0.0001707594185 1e-10 0.0001274641054 0.0002026599924 1e-10 1e-10 8.115418658e-05 1e-10 0.0001853527807 1e-10 1e-10 0.0004211933356 1e-10 0.0002328137036 1e-10 1e-10 0.001178670402 0.01590006178
2.58 0.000400432449 1e-10 0.0001733531315 0.0006859182238 1e-10 1e-10 0.0004367816143 1e-10 0.0006456125223 1e-10 1e-10 0.001294545607 1e-10 0.0005426147488 1e-10 1e-10 0.000668793136 0.007340216322