0.02 0.00125664 1e-10 1e-10 1e-10 1e-10 1e-10 1e-10 1e-10 1e-10 1e-10 1e-10 1e-10 1e-10 1e-10 1e-10 1e-10 1e-10 1e-10 37.4592
0.04 0.00502655 1e-10 1e-10 1e-10 1e-10 1e-10 1e-10 1e-10 1e-10 1e-10 1e-10 1e-10 1e-10 1e-10 1e-10 1e-10 1e-10 1e-10 18.6565
0.06 0.0113097 1e-10 1e-10 1e-10 1e-10 1e-10 1e-10 1e-10 1e-10 1e-10 1e-10 1e-10 1e-10 1e-10 1e-10 1e-10 1e-10 1e-10 12.3589
0.08 0.0201062 1e-10 1e-10 1e-10 1e-10 1e-10 1e-10 1e-10 1e-10 1e-10 1e-10 1e-10 1e-10 1e-10 1e-10 1e-10 1e-10 1e-10 9.1866
0.1 0.0314159 1e-10 1e-10 1e-10 1e-10 1e-10 1e-10 1e-10 1e-10 1e-10 1e-10 1e-10 1e-10 1e-10 1e-10 1e-10 1e-10 1e-10 7.26443
0.12 0.0452389 1e-10 1e-10 1e-10 1e-10 1e-10 1e-10 1e-10 1e-10 1e-10 1e-10 1e-10 1e-10 1e-10 1e-10 1e-10 1e-10 1e-10 5.96729
0.14 0.0615752 1e-10 1e-10 1e-10 1e-10 1e-10 1e-10 1e-10 1e-10 1e-10 1e-10 1e-10 1e-10 1e-10 1e-10 1e-10 1e-10 1e-10 5.02729
0.16 0.0804248 1e-10 1e-10 1e-10 1e-10 1e-10 1e-10 1e-10 1e-10 1e-10 1e-10 1e-10 1e-10 1e-10 1e-10 1e-10 1e-10 1e-10 4.31052
0.18 0.101788 1e-10 1e-10 1e-10 1e-10 1e-10 1e-10 1e-10 1e-10 1e-10 1e-10 1e-10 1e-10 1e-10 1e-10 1e-10 1e-10 1e-10 3.74256
0.2 0.125664 1e-10 1e-10 1e-10 1e-10 1e-10 1e-10 1e-10 1e-10 1e-10 1e-10 1e-10 1e-10 1e-10 1e-10 1e-10 1e-10 1e-10 3.27877
0.22 0.152053 1e-10 1e-10 1e-10 1e-10 1e-10 1e-10 1e-10 1e-10 1e-10 1e-10 1e-10 1e-10 1e-10 1e-10 1e-10 1e-10 1e-10 2.89073
0.24 0.180956 1e-10 1e-10 1e-10 1e-10 1e-10 1e-10 1e-10 1e-10 1e-10 1e-10 1e-10 1e-10 1e-10 1e-10 1e-10 1e-10 1e-10 2.55952
0.26 0.212372 1e-10 1e-10 1e-10 1e-10 1e-10 1e-10 1e-10 1e-10 1e-10 1e-10 1e-10 1e-10 1e-10 1e-10 1e-10 1e-10 1e-10 2.27201
0.28 0.246301 1e-10 1e-10 1e-10 1e-10 1e-10 1e-10 1e-10 1e-10 1e-10 1e-10 1e-10 1e-10 1e-10 1e-10 1e-10 1e-10 1e-10 2.01884
0.3 0.282743 1e-10 1e-10 1e-10 1e-10 1e-10 1e-10 1e-10 1e-10 1e-10 1e-10 1e-10 1e-10 1e-10 1e-10 1e-10 1e-10 1e-10 1.79314
0.32 0.321699 1e-10 1e-10 1e-10 1e-10 1e-10 1e-10 1e-10 1e-10 1e-10 1e-10 1e-10 1e-10 1e-10 1e-10 1e-10 1e-10 1e-10 1.58977
0.34 0.363168 1e-10 1e-10 1e-10 1e-10 1e-10 1e-10 1e-10 1e-10 1e-10 1e-10 1e-10 1e-10 1e-10 1e-10 1e-10 1e-10 1e-10 1.40478
0.36 0.40715 1e-10 1e-10 1e-10 1e-10 1e-10 1e-10 1e-10 1e-10 1e-10 1e-10 1e-10 1e-10 1e-10 1e-10 1e-10 1e-10 1e-10 1.2351
0.38 0.453646 1e-10 1e-10 1e-10 1e-10 1e-10 1e-10 1e-10 1e-10 1e-10 1e-10 1e-10 1e-10 1e-10 1e-10 1e-10 1e-10 1e-10 1.07833
0.4 0.502655 1e-10 1e-10 1e-10 1e-10 1e-10 1e-10 1e-10 1e-10 1e-10 1e-10 1e-10 1e-10 1e-10 1e-10 1e-10 1e-10 1e-10 0.932523
0.42 0.554177 1e-10 1e-10 1e-10 1e-10 1e-10 1e-10 1e-10 1e-10 1e-10 1e-10 1e-10 1e-10 1e-10 1e-10 1e-10 1e-10 1e-10 0.796113
0.44 0.608209 1.78474e-06 1e-10 1e-10 1e-10 1e-10 1e-10 1e-10 1e-10 1e-10 1e-10 1e-10 1e-10 1e-10 1e-10 1e-10 1e-10 1e-10 0.66783
0.46 0.664697 3.22309e-05 1e-10 1e-10 1e-10 1e-10 1e-10 1e-10 1e-10 1e-10 1e-10 1e-10 1e-10 1e-10 1e-10 1e-10 1e-10 1e-10 0.546744
0.48 0.723012 0.000405207 1e-10 1e-10 1e-10 1e-10 1e-10 1e-10 1e-10 1e-10 1e-10 1e-10 1e-10 1e-10 1e-10 1e-10 1e-10 1e-10 0.433277
0.5 0.781855 0.0017709 1e-10 1e-10 1e-10 1e-10 1e-10 1e-10 1e-10 1e-10 1e-10 1e-10 1e-10 1e-10 1e-10 1e-10 1e-10 1e-10 0.328669
0.52 0.837845 0.0058192 1e-10 1e-10 1e-10 1e-10 1e-10 1e-10 1e-10 1e-10 1e-10 1e-10 1e-10 1e-10 1e-10 1e-10 1e-10 1e-10 0.236851
0.54 0.881584 0.0172475 1e-10 1e-10 1e-10 1e-10 1e-10 1e-10 1e-10 1e-10 1e-10 1e-10 1e-10 1e-10 1e-10 1e-10 1e-10 1e-10 0.168854
0.56 0.899127 0.0430265 1e-10 1e-10 1e-10 1e-10 1e-10 1e-10 1e-10 1e-10 1e-10 1e-10 1e-10 1e-10 1e-10 1e-10 1e-10 1e-10 0.136828
0.58 0.886545 0.0851204 2.01646e-08 1e-10 1e-10 1e-10 1e-10 1e-10 1e-10 1e-10 1e-10 1e-10 1e-10 1e-10 1e-10 1e-10 1e-10 1e-10 0.134875
0.6 0.847941 0.141442 2.41454e-05 1e-10 1e-10 1e-10 1e-10 1e-10 1e-10 1e-10 1e-10 1e-10 1e-10 1e-10 1e-10 1e-10 1e-10 1e-10 0.149206
0.62 0.78782 0.209168 0.00045325 1e-10 1e-10 1e-10 1e-10 1e-10 1e-10 1e-10 1e-10 1e-10 1e-10 1e-10 1e-10 1e-10 1e-10 1e-10 0.170767
0.64 0.716271 0.279286 0.00393342 1e-10 1e-10 1e-10 1e-10 1e-10 1e-10 1e-10 1e-10 1e-10 1e-10 1e-10 1e-10 1e-10 1e-10 1e-10 0.19431
0.66 0.645608 0.340319 0.0140128 1e-10 1e-10 1e-10 1e-10 1e-10 1e-10 1e-10 1e-10 1e-10 1e-10 1e-10 1e-10 1e-10 1e-10 1e-10 0.216562
0.68 0.578792 0.389967 0.0312389 1e-10 1e-10 1e-10 1e-10 1e-10 1e-10 1e-10 1e-10 1e-10 1e-10 1e-10 1e-10 1e-10 1e-10 1e-10 0.235535
0.7 0.516352 0.428181 0.0554667 1e-10 1e-10 1e-10 1e-10 1e-10 1e-10 1e-10 1e-10 1e-10 1e-10 1e-10 1e-10 1e-10 1e-10 1e-10 0.25015
0.72 0.45811 0.455477 0.0864126 1e-10 1e-10 1e-10 1e-10 1e-10 1e-10 1e-10 1e-10 1e-10 1e-10 1e-10 1e-10 1e-10 1e-10 1e-10 0.259914
0.74 0.403823 0.472348 0.123829 1e-10 1e-10 1e-10 1e-10 1e-10 1e-10 1e-10 1e-10 1e-10 1e-10 1e-10 1e-10 1e-10 1e-10 1e-10 0.264673
0.76 0.353298 0.479182 0.16752 7.13658e-08 1e-10 1e-10 1e-10 1e-10 1e-10 1e-10 1e-10 1e-10 1e-10 1e-10 1e-10 1e-10 1e-10 1e-10 0.264472
0.78 0.306381 0.476293 0.217316 1.01788e-05 1e-10 1e-10 1e-10 1e-10 1e-10 1e-10 1e-10 1e-10 1e-10 1e-10 1e-10 1e-10 1e-10 1e-10 0.259487
0.8 0.262962 0.463971 0.272971 9.65653e-05 1e-10 1e-10 1e-10 1e-10 1e-10 1e-10 1e-10 1e-10 1e-10 1e-10 1e-10 1e-10 1e-10 1e-10 0.250023
0.82 0.222965 0.442534 0.334072 0.000429174 1e-10 1e-10 1e-10 1e-10 1e-10 1e-10 1e-10 1e-10 1e-10 1e-10 1e-10 1e-10 1e-10 1e-10 0.236502
0.84 0.186339 0.412414 0.399912 0.00133465 1e-10 1e-10 1e-10 1e-10 1e-10 1e-10 1e-10 1e-10 1e-10 1e-10 1e-10 1e-10 1e-10 1e-10 0.219449
0.86 0.153049 0.374238 0.469342 0.00337084 1e-10 1e-10 1e-10 1e-10 1e-10 1e-10 1e-10 1e-10 1e-10 1e-10 1e-10 1e-10 1e-10 1e-10 0.199498
0.88 0.123068 0.328842 0.540768 0.007322 1e-10 1e-10 1e-10 1e-10 1e-10 1e-10 1e-10 1e-10 1e-10 1e-10 1e-10 1e-10 1e-10 1e-10 0.177332
0.9 0.0963808 0.277725 0.611236 0.0146577 1e-10 1e-10 1e-10 1e-10 1e-10 1e-10 1e-10 1e-10 1e-10 1e-10 1e-10 1e-10 1e-10 1e-10 0.153957
0.92 0.0729914 0.223847 0.674815 0.0283462 5.21982e-08 1e-10 1e-10 1e-10 1e-10 1e-10 1e-10 1e-10 1e-10 1e-10 1e-10 1e-10 1e-10 1e-10 0.131079
0.94 0.0529436 0.171796 0.722194 0.0530638 2.5697e-06 1.52035e-09 1e-10 1e-10 1e-10 1e-10 1e-10 1e-10 1e-10 1e-10 1e-10 1e-10 1e-10 1e-10 0.111002
0.96 0.0362785 0.126201 0.744011 0.0934786 3.03285e-05 1.09685e-07 1e-10 1e-10 1e-10 1e-10 1e-10 1e-10 1e-10 1e-10 1e-10 1e-10 1e-10 1e-10 0.0954797
0.98 0.0229598 0.0890686 0.736478 0.151295 0.000196695 1.71085e-06 1e-10 1e-10 1e-10 1e-10 1e-10 1e-10 1e-10 1e-10 1e-10 1e-10 1e-10 1e-10 0.0843956
1 0.0129018 0.0597739 0.70142 0.22509 0.000800611 1.41531e-05 1e-10 1e-10 1e-10 1e-10 1e-10 1e-10 1e-10 1e-10 1e-10 1e-10 1e-10 1e-10 0.0763647
1.02 0.00601973 0.0369712 0.642475 0.311991 0.00247475 6.7605e-05 1e-10 1e-10 1e-10 1e-10 1e-10 1e-10 1e-10 1e-10 1e-10 1e-10 1e-10 1e-10 0.0701105
1.04 0.00212758 0.0197857 0.563484 0.407776 0.00658236 0.000244426 2.46468e-08 1e-10 1e-10 1e-10 1e-10 1e-10 1e-10 1e-10 1e-10 1e-10 1e-10 1e-10 0.065047
1.06 0.000535846 0.00856406 0.469329 0.504621 0.0161843 0.000763389 2.20718e-06 1e-10 1e-10 1e-10 1e-10 1e-10 1e-10 1e-10 1e-10 1e-10 1e-10 1e-10 0.061424
1.08 0.000108439 0.00320977 0.370024 0.588131 0.036151 0.00232502 5.13562e-05 1e-10 1e-10 1e-10 1e-10 1e-10 1e-10 1e-10 1e-10 1e-10 1e-10 1e-10 0.0600723
1.1 2.31896e-05 0.00121576 0.279147 0.644305 0.0681952 0.00666292 0.000450368 1e-10 1e-10 1e-10 1e-10 1e-10 1e-10 1e-10 1e-10 1e-10 1e-10 1e-10 0.0616305
1.12 4.71527e-06 0.000438371 0.202596 0.671655 0.108385 0.0148985 0.00202222 1e-10 1e-10 1e-10 1e-10 1e-10 1e-10 1e-10 1e-10 1e-10 1e-10 1e-10 0.0657715
1.14 8.20916e-07 0.000133577 0.140523 0.67332 0.15416 0.0261588 0.00570481 8.57992e-10 1e-10 1e-10 1e-10 1e-10 1e-10 1e-10 1e-10 1e-10 1e-10 1e-10 0.071601
1.16 6.14591e-08 2.95002e-05 0.0918644 0.652552 0.203862 0.039679 0.0120135 2.20439e-07 1e-10 1e-10 1e-10 1e-10 1e-10 1e-10 1e-10 1e-10 1e-10 1e-10 0.0781558
1.18 1e-10 3.58449e-06 0.0553564 0.612348 0.256054 0.0550304 0.0212034 4.05463e-06 1e-10 1e-10 1e-10 1e-10 1e-10 1e-10 1e-10 1e-10 1e-10 1e-10 0.0846057
1.2 1e-10 9.43491e-08 0.0297003 0.555477 0.309514 0.0718484 0.0334297 3.04477e-05 1e-10 1e-10 1e-10 1e-10 1e-10 1e-10 1e-10 1e-10 1e-10 1e-10 0.0902803
1.22 1e-10 1e-10 0.0134588 0.484962 0.362688 0.0900674 0.0486901 0.000133406 1e-10 1e-10 1e-10 1e-10 1e-10 1e-10 1e-10 1e-10 1e-10 1e-10 0.0946371
1.24 1e-10 1e-10 0.00491807 0.404867 0.412526 0.11054 0.066764 0.000384584 1e-10 1e-10 1e-10 1e-10 1e-10 1e-10 1e-10 1e-10 1e-10 1e-10 0.0972739
1.26 1e-10 1e-10 0.00152187 0.322084 0.45282 0.135272 0.0874755 0.000826679 1e-10 1e-10 1e-10 1e-10 1e-10 1e-10 1e-10 1e-10 1e-10 1e-10 0.0979373
1.28 1e-10 1e-10 0.000386107 0.244811 0.475819 0.166709 0.110812 0.00146247 1e-10 1e-10 1e-10 1e-10 1e-10 1e-10 1e-10 1e-10 1e-10 1e-10 0.0965136
1.3 1e-10 1e-10 7.30448e-05 0.177203 0.477767 0.205645 0.13703 0.00228283 1e-10 1e-10 1e-10 1e-10 1e-10 1e-10 1e-10 1e-10 1e-10 1e-10 0.093037
1.32 1e-10 1e-10 1.02534e-05 0.120933 0.457754 0.251175 0.166824 0.0033032 1e-10 1e-10 1e-10 1e-10 1e-10 1e-10 1e-10 1e-10 1e-10 1e-10 0.0876791
1.34 1e-10 1e-10 1.47224e-06 0.0763863 0.416921 0.300765 0.201295 0.00463105 4.61066e-08 1e-10 1e-10 1e-10 1e-10 1e-10 1e-10 1e-10 1e-10 1e-10 0.0806969
1.36 1e-10 1e-10 1.87303e-07 0.0433421 0.357883 0.350346 0.241844 0.00658356 8.38327e-07 1e-10 1e-10 1e-10 1e-10 1e-10 1e-10 1e-10 1e-10 1e-10 0.0724617
1.38 1e-10 1e-10 2.01724e-10 0.0211135 0.284958 0.394119 0.289896 0.00990804 5.32833e-06 1e-10 1e-10 1e-10 1e-10 1e-10 1e-10 1e-10 1e-10 1e-10 0.063468
1.4 1e-10 1e-10 1e-10 0.00840609 0.20524 0.423224 0.347095 0.0160013 3.46175e-05 1e-10 1e-10 1e-10 1e-10 1e-10 1e-10 1e-10 1e-10 1e-10 0.0544264
1.42 1e-10 1e-10 1e-10 0.00270956 0.130105 0.425174 0.414387 0.0274662 0.000158008 4.48681e-08 1e-10 1e-10 1e-10 1e-10 1e-10 1e-10 1e-10 1e-10 0.0462644
1.44 1e-10 1e-10 1e-10 0.00070483 0.0717649 0.390397 0.487799 0.0487223 0.00061196 3.88078e-07 1e-10 1e-10 1e-10 1e-10 1e-10 1e-10 1e-10 1e-10 0.0398705
1.46 1e-10 1e-10 1e-10 0.000140827 0.0346454 0.324166 0.553123 0.0859095 0.00201297 2.22854e-06 1e-10 1e-10 1e-10 1e-10 1e-10 1e-10 1e-10 1e-10 0.0357177
1.48 1e-10 1e-10 1e-10 2.09836e-05 0.0148937 0.245126 0.590021 0.144175 0.00575187 1.21914e-05 1e-10 1e-10 1e-10 1e-10 1e-10 1e-10 1e-10 1e-10 0.033725
1.5 1e-10 1e-10 1e-10 2.61782e-06 0.00578632 0.171867 0.585828 0.221718 0.0147322 6.68464e-05 1e-10 1e-10 1e-10 1e-10 1e-10 1e-10 1e-10 1e-10 0.0333637
1.52 1e-10 1e-10 1e-10 2.41625e-07 0.00200039 0.113623 0.543552 0.306706 0.0337788 0.000338782 1.66281e-07 1e-10 1e-10 1e-10 1e-10 1e-10 1e-10 1e-10 0.0339977
1.54 1e-10 1e-10 1e-10 9.81916e-09 0.00058565 0.0709195 0.477227 0.381915 0.067981 0.00136811 3.67263e-06 1e-10 1e-10 1e-10 1e-10 1e-10 1e-10 1e-10 0.0351051
1.56 1e-10 1e-10 1e-10 1e-10 0.000137163 0.0410634 0.401337 0.433342 0.119708 0.00438312 2.92422e-05 4.69472e-10 1e-10 1e-10 1e-10 1e-10 1e-10 1e-10 0.0363518
1.58 1e-10 1e-10 1e-10 1e-10 2.65353e-05 0.0214235 0.325497 0.454585 0.186658 0.0116634 0.000146506 5.72074e-08 1e-10 1e-10 1e-10 1e-10 1e-10 1e-10 0.0375924
1.6 1e-10 1e-10 1e-10 1e-10 4.78169e-06 0.00974641 0.25575 0.445143 0.262159 0.0266418 0.000554071 8.36152e-07 1e-10 1e-10 1e-10 1e-10 1e-10 1e-10 0.0388612
1.62 1e-10 1e-10 1e-10 1e-10 4.81694e-07 0.00379167 0.19623 0.408878 0.335946 0.053372 0.00176874 1.28208e-05 1e-10 1e-10 1e-10 1e-10 1e-10 1e-10 0.0402785
1.64 1e-10 1e-10 1e-10 1e-10 3.30493e-09 0.00129495 0.149002 0.354252 0.395398 0.0949308 0.00501174 0.000109908 1e-10 1e-10 1e-10 1e-10 1e-10 1e-10 0.0419148
1.66 1e-10 1e-10 1e-10 1e-10 1e-10 0.000405904 0.112898 0.294011 0.429094 0.150223 0.0127354 0.000633284 4.68195e-10 1e-10 1e-10 1e-10 1e-10 1e-10 0.0437443
1.68 1e-10 1e-10 1e-10 1e-10 1e-10 0.000116895 0.0847396 0.237956 0.435743 0.21118 0.0276831 0.00258109 1.0853e-07 1e-10 1e-10 1e-10 1e-10 1e-10 0.0455797
1.7 1e-10 1e-10 1e-10 1e-10 1e-10 2.95635e-05 0.0621525 0.189222 0.421529 0.269135 0.0503759 0.0075543 1.37164e-06 1e-10 1e-10 1e-10 1e-10 1e-10 0.0471593
1.72 1e-10 1e-10 1e-10 1e-10 1e-10 6.36727e-06 0.0438479 0.147876 0.392655 0.318928 0.0795368 0.0171361 1.32467e-05 1e-10 1e-10 1e-10 1e-10 1e-10 0.0482526
1.74 1e-10 1e-10 1e-10 1e-10 1e-10 9.55936e-07 0.0292136 0.112804 0.354223 0.357643 0.113532 0.0325028 7.98925e-05 1e-10 1e-10 1e-10 1e-10 1e-10 0.0486623
1.76 1e-10 1e-10 1e-10 1e-10 1e-10 8.84474e-08 0.017984 0.0829516 0.309361 0.384298 0.150677 0.0544186 0.00030978 5.74005e-08 1e-10 1e-10 1e-10 1e-10 0.0482531
1.78 1e-10 1e-10 1e-10 1e-10 1e-10 1e-10 0.00993291 0.0577521 0.260103 0.398278 0.189732 0.0832815 0.000919899 8.05752e-07 1e-10 1e-10 1e-10 1e-10 0.0469659
1.8 1e-10 1e-10 1e-10 1e-10 1e-10 1e-10 0.00470104 0.0371956 0.208132 0.398728 0.229605 0.119322 0.00231021 5.47849e-06 1e-10 1e-10 1e-10 1e-10 0.0448282
1.82 1e-10 1e-10 1e-10 1e-10 1e-10 1e-10 0.00180398 0.0213826 0.155824 0.383986 0.269197 0.162647 0.00512764 3.10815e-05 1e-10 1e-10 1e-10 1e-10 0.0419441
1.84 1e-10 1e-10 1e-10 1e-10 1e-10 1e-10 0.000541722 0.0105338 0.106438 0.351948 0.306621 0.213471 0.0103027 0.000144427 1e-10 1e-10 1e-10 1e-10 0.038499
1.86 1e-10 1e-10 1e-10 1e-10 1e-10 1e-10 0.000119753 0.00442356 0.0642379 0.301437 0.338056 0.27196 0.0192559 0.000509167 5.43841e-09 1e-10 1e-10 1e-10 0.0347384
1.88 1e-10 1e-10 1e-10 1e-10 1e-10 1e-10 1.99411e-05 0.00168252 0.0333791 0.235278 0.35636 0.337641 0.0341323 0.0015068 4.83463e-07 1.42694e-08 1e-10 1e-10 0.0309463
1.9 1e-10 1e-10 1e-10 1e-10 1e-10 1e-10 3.07089e-06 0.000621116 0.0149344 0.163207 0.351481 0.40771 0.058184 0.00385386 6.03568e-06 1.3271e-07 1e-10 1e-10 0.0274175
1.92 1e-10 1e-10 1e-10 1e-10 1e-10 1e-10 3.07988e-07 0.000222107 0.0058771 0.0988186 0.31657 0.474209 0.0952246 0.00903493 4.30716e-05 4.86094e-07 1e-10 1e-10 0.0244283
1.94 1e-10 1e-10 1e-10 1e-10 1e-10 1e-10 2.83757e-09 7.31479e-05 0.00207047 0.0517647 0.254788 0.523297 0.148171 0.0196324 0.000202343 1.55711e-06 1e-10 1e-10 0.0221995
1.96 1e-10 1e-10 1e-10 1e-10 1e-10 1e-10 1e-10 2.20534e-05 0.000651187 0.0235509 0.180305 0.538896 0.216197 0.0395862 0.000784229 6.86169e-06 1e-10 1e-10 0.0208552
1.98 1e-10 1e-10 1e-10 1e-10 1e-10 1e-10 1e-10 6.297e-06 0.000180192 0.00944708 0.111974 0.510356 0.291433 0.0739395 0.0026302 3.39942e-05 1.55739e-10 1e-10 0.0203935
2 1e-10 1e-10 1e-10 1e-10 1e-10 1e-10 1e-10 1.5434e-06 4.20219e-05 0.00337576 0.0621752 0.442675 0.356483 0.1273 0.00778927 0.000157607 2.89608e-07 1e-10 0.0207105
2.02 1e-10 1e-10 1e-10 1e-10 1e-10 1e-10 1e-10 4.02338e-07 8.32351e-06 0.00105747 0.0317531 0.356268 0.390691 0.199486 0.0200675 0.000661814 5.42974e-06 1e-10 0.0216028