0 1e-10 1e-10 1e-10 1e-10 1e-10 1e-10 1e-10 1e-10 1e-10 1e-10 1e-10 1e-10 1e-10 1e-10 1e-10 1e-10 1e-10 1e-10 1e-10 1e-10 1e-10 1e-10 1e-10 1e-10 1e-10 1e-10 1e-10 1e-10 1e-10 1e-10 1e-10 1e-10 1e-10 1e-10 1e-10 1e-10 1e-10 1e-10 1e-10 1e-10
0.5 0.00471238898 1e-10 1e-10 1e-10 1e-10 1e-10 1e-10 1e-10 1e-10 1e-10 1e-10 1e-10 1e-10 1e-10 1e-10 1e-10 1e-10 1e-10 1e-10 1e-10 1e-10 1e-10 1e-10 1e-10 1e-10 1e-10 1e-10 1e-10 1e-10 1e-10 1e-10 1e-10 1e-10 1e-10 1e-10 1e-10 1e-10 1e-10 1e-10 1e-10
1 0.01884955592 1e-10 1e-10 1e-10 1e-10 1e-10 1e-10 1e-10 1e-10 1e-10 1e-10 1e-10 1e-10 1e-10 1e-10 1e-10 1e-10 1e-10 1e-10 1e-10 1e-10 1e-10 1e-10 1e-10 1e-10 1e-10 1e-10 1e-10 1e-10 1e-10 1e-10 1e-10 1e-10 1e-10 1e-10 1e-10 1e-10 1e-10 1e-10 1e-10
1.5 0.04241150082 1e-10 1e-10 1e-10 1e-10 1e-10 1e-10 1e-10 1e-10 1e-10 1e-10 1e-10 1e-10 1e-10 1e-10 1e-10 1e-10 1e-10 1e-10 1e-10 1e-10 1e-10 1e-10 1e-10 1e-10 1e-10 1e-10 1e-10 1e-10 1e-10 1e-10 1e-10 1e-10 1e-10 1e-10 1e-10 1e-10 1e-10 1e-10 1e-10
2 0.07539822369 1e-10 1e-10 1e-10 1e-10 1e-10 1e-10 1e-10 1e-10 1e-10 1e-10 1e-10 1e-10 1e-10 1e-10 1e-10 1e-10 1e-10 1e-10 1e-10 1e-10 1e-10 1e-10 1e-10 1e-10 1e-10 1e-10 1e-10 1e-10 1e-10 1e-10 1e-10 1e-10 1e-10 1e-10 1e-10 1e-10 1e-10 1e-10 1e-10
2.5 0.1178097245 1e-10 1e-10 1e-10 1e-10 1e-10 1e-10 1e-10 1e-10 1e-10 1e-10 1e-10 1e-10 1e-10 1e-10 1e-10 1e-10 1e-10 1e-10 1e-10 1e-10 1e-10 1e-10 1e-10 1e-10 1e-10 1e-10 1e-10 1e-10 1e-10 1e-10 1e-10 1e-10 1e-10 1e-10 1e-10 1e-10 1e-10 1e-10 1e-10
3 0.1696460033 1e-10 1e-10 1e-10 1e-10 1e-10 1e-10 1e-10 1e-10 1e-10 1e-10 1e-10 1e-10 1e-10 1e-10 1e-10 1e-10 1e-10 1e-10 1e-10 1e-10 1e-10 1e-10 1e-10 1e-10 1e-10 1e-10 1e-10 1e-10 1e-10 1e-10 1e-10 1e-10 1e-10 1e-10 1e-10 1e-10 1e-10 1e-10 1e-10
3.5 0.23090706 1e-10 1e-10 1e-10 1e-10 1e-10 1e-10 1e-10 1e-10 1e-10 1e-10 1e-10 1e-10 1e-10 1e-10 1e-10 1e-10 1e-10 1e-10 1e-10 1e-10 1e-10 1e-10 1e-10 1e-10 1e-10 1e-10 1e-10 1e-10 1e-10 1e-10 1e-10 1e-10 1e-10 1e-10 1e-10 1e-10 1e-10 1e-10 1e-10
4 0.3015928947 1e-10 1e-10 1e-10 1e-10 1e-10 1e-10 1e-10 1e-10 1e-10 1e-10 1e-10 1e-10 1e-10 1e-10 1e-10 1e-10 1e-10 1e-10 1e-10 1e-10 1e-10 1e-10 1e-10 1e-10 1e-10 1e-10 1e-10 1e-10 1e-10 1e-10 1e-10 1e-10 1e-10 1e-10 1e-10 1e-10 1e-10 1e-10 1e-10
4.5 0.3817035074 1e-10 1e-10 1e-10 1e-10 1e-10 1e-10 1e-10 1e-10 1e-10 1e-10 1e-10 1e-10 1e-10 1e-10 1e-10 1e-10 1e-10 1e-10 1e-10 1e-10 1e-10 1e-10 1e-10 1e-10 1e-10 1e-10 1e-10 1e-10 1e-10 1e-10 1e-10 1e-10 1e-10 1e-10 1e-10 1e-10 1e-10 1e-10 1e-10
5 0.471238898 1e-10 1e-10 1e-10 1e-10 1e-10 1e-10 1e-10 1e-10 1e-10 1e-10 1e-10 1e-10 1e-10 1e-10 1e-10 1e-10 1e-10 1e-10 1e-10 1e-10 1e-10 1e-10 1e-10 1e-10 1e-10 1e-10 1e-10 1e-10 1e-10 1e-10 1e-10 1e-10 1e-10 1e-10 1e-10 1e-10 1e-10 1e-10 1e-10
5.5 0.5167439106 0.02672757802 1e-10 1e-10 1e-10 1e-10 1e-10 1e-10 1e-10 1e-10 1e-10 1e-10 1e-10 1e-10 1e-10 1e-10 1e-10 1e-10 1e-10 1e-10 1e-10 1e-10 1e-10 1e-10 1e-10 1e-10 1e-10 1e-10 1e-10 1e-10 1e-10 1e-10 1e-10 1e-10 1e-10 1e-10 1e-10 1e-10 1e-10 1e-10
6 0.5225300857 0.07802696373 1e-10 1e-10 1e-10 1e-10 1e-10 1e-10 1e-10 1e-10 1e-10 1e-10 1e-10 1e-10 1e-10 1e-10 1e-10 1e-10 1e-10 1e-10 1e-10 1e-10 1e-10 1e-10 1e-10 1e-10 1e-10 1e-10 1e-10 1e-10 1e-10 1e-10 1e-10 1e-10 1e-10 1e-10 1e-10 1e-10 1e-10 1e-10
6.5 0.5010529284 0.1476704046 1e-10 1e-10 1e-10 1e-10 1e-10 1e-10 1e-10 1e-10 1e-10 1e-10 1e-10 1e-10 1e-10 1e-10 1e-10 1e-10 1e-10 1e-10 1e-10 1e-10 1e-10 1e-10 1e-10 1e-10 1e-10 1e-10 1e-10 1e-10 1e-10 1e-10 1e-10 1e-10 1e-10 1e-10 1e-10 1e-10 1e-10 1e-10
7 0.4559895415 0.2338193493 1e-10 1e-10 1e-10 1e-10 1e-10 1e-10 1e-10 1e-10 1e-10 1e-10 1e-10 1e-10 1e-10 1e-10 1e-10 1e-10 1e-10 1e-10 1e-10 1e-10 1e-10 1e-10 1e-10 1e-10 1e-10 1e-10 1e-10 1e-10 1e-10 1e-10 1e-10 1e-10 1e-10 1e-10 1e-10 1e-10 1e-10 1e-10
7.5 0.408359889 0.3048798841 0.01148718926 0.001926573929 1e-10 1e-10 1e-10 1e-10 1e-10 1e-10 1e-10 1e-10 1e-10 1e-10 1e-10 1e-10 1e-10 1e-10 1e-10 1e-10 1e-10 1e-10 1e-10 1e-10 1e-10 1e-10 1e-10 1e-10 1e-10 1e-10 1e-10 1e-10 1e-10 1e-10 1e-10 1e-10 1e-10 1e-10 1e-10 1e-10
8 0.3694441455 0.3522837528 0.03228602966 0.008875459729 1e-10 1e-10 1e-10 1e-10 1e-10 1e-10 1e-10 1e-10 1e-10 1e-10 1e-10 1e-10 1e-10 1e-10 1e-10 1e-10 1e-10 1e-10 1e-10 1e-10 1e-10 1e-10 1e-10 1e-10 1e-10 1e-10 1e-10 1e-10 1e-10 1e-10 1e-10 1e-10 1e-10 1e-10 1e-10 1e-10
8.5 0.3331251596 0.3886677411 0.05622278726 0.02068785295 1e-10 1e-10 1e-10 1e-10 1e-10 1e-10 1e-10 1e-10 1e-10 1e-10 1e-10 1e-10 1e-10 1e-10 1e-10 1e-10 1e-10 1e-10 1e-10 1e-10 1e-10 1e-10 1e-10 1e-10 1e-10 1e-10 1e-10 1e-10 1e-10 1e-10 1e-10 1e-10 1e-10 1e-10 1e-10 1e-10
9 0.2979109429 0.4171435349 0.08191493878 0.03721780015 1e-10 1e-10 1e-10 1e-10 1e-10 1e-10 1e-10 1e-10 1e-10 1e-10 1e-10 1e-10 1e-10 1e-10 1e-10 1e-10 1e-10 1e-10 1e-10 1e-10 1e-10 1e-10 1e-10 1e-10 1e-10 1e-10 1e-10 1e-10 1e-10 1e-10 1e-10 1e-10 1e-10 1e-10 1e-10 1e-10
9.5 0.2630978546 0.4392099235 0.1087372785 0.05836072122 1e-10 1e-10 1e-10 1e-10 1e-10 1e-10 1e-10 1e-10 1e-10 1e-10 1e-10 1e-10 1e-10 1e-10 1e-10 1e-10 1e-10 1e-10 1e-10 1e-10 1e-10 1e-10 1e-10 1e-10 1e-10 1e-10 1e-10 1e-10 1e-10 1e-10 1e-10 1e-10 1e-10 1e-10 1e-10 1e-10
10 0.2282844188 0.4557376577 0.1363464441 0.08403913138 1e-10 1e-10 1e-10 1e-10 1e-10 1e-10 1e-10 1e-10 1e-10 1e-10 1e-10 1e-10 1e-10 1e-10 1e-10 1e-10 1e-10 1e-10 1e-10 1e-10 1e-10 1e-10 1e-10 1e-10 1e-10 1e-10 1e-10 1e-10 1e-10 1e-10 1e-10 1e-10 1e-10 1e-10 1e-10 1e-10
10.5 0.1820117307 0.4716477852 0.144326198 0.1291488583 0.0006564423528 1e-10 1e-10 1e-10 1e-10 1e-10 1e-10 1e-10 1e-10 1e-10 1e-10 1e-10 1e-10 1e-10 1e-10 1e-10 1e-10 1e-10 1e-10 1e-10 1e-10 1e-10 1e-10 1e-10 1e-10 1e-10 1e-10 1e-10 1e-10 1e-10 1e-10 1e-10 1e-10 1e-10 1e-10 1e-10
11 0.1226870474 0.4945163318 0.1287208964 0.1924899243 0.002590833869 1e-10 1e-10 1e-10 1e-10 1e-10 1e-10 1e-10 1e-10 1e-10 1e-10 1e-10 1e-10 1e-10 1e-10 1e-10 1e-10 1e-10 1e-10 1e-10 1e-10 1e-10 1e-10 1e-10 1e-10 1e-10 1e-10 1e-10 1e-10 1e-10 1e-10 1e-10 1e-10 1e-10 1e-10 1e-10
11.5 0.06749905427 0.4986913413 0.1217931433 0.2409213946 0.01779475555 0.001655541253 1e-10 1e-10 1e-10 1e-10 1e-10 1e-10 1e-10 1e-10 1e-10 1e-10 1e-10 1e-10 1e-10 1e-10 1e-10 1e-10 1e-10 1e-10 1e-10 1e-10 1e-10 1e-10 1e-10 1e-10 1e-10 1e-10 1e-10 1e-10 1e-10 1e-10 1e-10 1e-10 1e-10 1e-10
12 0.04039787314 0.4500479874 0.1586453052 0.2441413409 0.05071381507 0.01129530854 1e-10 1e-10 1e-10 1e-10 1e-10 1e-10 1e-10 1e-10 1e-10 1e-10 1e-10 1e-10 1e-10 1e-10 1e-10 1e-10 1e-10 1e-10 1e-10 1e-10 1e-10 1e-10 1e-10 1e-10 1e-10 1e-10 1e-10 1e-10 1e-10 1e-10 1e-10 1e-10 1e-10 1e-10
12.5 0.03103137194 0.3699118321 0.2104169383 0.245190203 0.0709751057 0.03458348668 1.912745804e-10 1e-10 1e-10 1e-10 1e-10 1e-10 1e-10 1e-10 1e-10 1e-10 1e-10 1e-10 1e-10 1e-10 1e-10 1e-10 1e-10 1e-10 1e-10 1e-10 1e-10 1e-10 1e-10 1e-10 1e-10 1e-10 1e-10 1e-10 1e-10 1e-10 1e-10 1e-10 1e-10 1e-10
13 0.02940347331 0.2847163276 0.25057336 0.2541852781 0.08562247046 0.06104554905 0.00341314043 1e-10 1e-10 1e-10 1e-10 1e-10 1e-10 1e-10 1e-10 1e-10 1e-10 1e-10 1e-10 1e-10 1e-10 1e-10 1e-10 1e-10 1e-10 1e-10 1e-10 1e-10 1e-10 1e-10 1e-10 1e-10 1e-10 1e-10 1e-10 1e-10 1e-10 1e-10 1e-10 1e-10
13.5 0.02796504304 0.2152229055 0.2592353792 0.2748700092 0.1044857907 0.0808100684 0.01320645346 1e-10 1e-10 1e-10 1e-10 1e-10 1e-10 1e-10 1e-10 1e-10 1e-10 1e-10 1e-10 1e-10 1e-10 1e-10 1e-10 1e-10 1e-10 1e-10 1e-10 1e-10 1e-10 1e-10 1e-10 1e-10 1e-10 1e-10 1e-10 1e-10 1e-10 1e-10 1e-10 1e-10
14 0.02668057394 0.1603354489 0.2381005644 0.3071501324 0.1267499458 0.09470540017 0.02889673364 1e-10 1e-10 1e-10 1e-10 1e-10 1e-10 1e-10 1e-10 1e-10 1e-10 1e-10 1e-10 1e-10 1e-10 1e-10 1e-10 1e-10 1e-10 1e-10 1e-10 1e-10 1e-10 1e-10 1e-10 1e-10 1e-10 1e-10 1e-10 1e-10 1e-10 1e-10 1e-10 1e-10
14.5 0.02552375143 0.1179391641 0.2074125937 0.3182447986 0.1651771641 0.1094007679 0.04198715894 0.003406345258 0.0003387527759 1e-10 1e-10 1e-10 1e-10 1e-10 1e-10 1e-10 1e-10 1e-10 1e-10 1e-10 1e-10 1e-10 1e-10 1e-10 1e-10 1e-10 1e-10 1e-10 1e-10 1e-10 1e-10 1e-10 1e-10 1e-10 1e-10 1e-10 1e-10 1e-10 1e-10 1e-10
15 0.02447445862 0.08383520076 0.1877002193 0.2833382434 0.2235677019 0.1338403278 0.0460620614 0.01148718973 0.001926574047 1e-10 1e-10 1e-10 1e-10 1e-10 1e-10 1e-10 1e-10 1e-10 1e-10 1e-10 1e-10 1e-10 1e-10 1e-10 1e-10 1e-10 1e-10 1e-10 1e-10 1e-10 1e-10 1e-10 1e-10 1e-10 1e-10 1e-10 1e-10 1e-10 1e-10 1e-10
15.5 0.01655178343 0.06797259886 0.1718366289 0.2182553368 0.265673738 0.1899439418 0.03969807758 0.02482785921 0.0047817597 1e-10 1e-10 1e-10 1e-10 1e-10 1e-10 1e-10 1e-10 1e-10 1e-10 1e-10 1e-10 1e-10 1e-10 1e-10 1e-10 1e-10 1e-10 1e-10 1e-10 1e-10 1e-10 1e-10 1e-10 1e-10 1e-10 1e-10 1e-10 1e-10 1e-10 1e-10
16 0.004666445005 0.06461721097 0.1581227165 0.1400886273 0.2806577202 0.2700961218 0.0317208814 0.03955363047 0.01024421967 0.0002324266812 1e-10 1e-10 1e-10 1e-10 1e-10 1e-10 1e-10 1e-10 1e-10 1e-10 1e-10 1e-10 1e-10 1e-10 1e-10 1e-10 1e-10 1e-10 1e-10 1e-10 1e-10 1e-10 1e-10 1e-10 1e-10 1e-10 1e-10 1e-10 1e-10 1e-10
16.5 0.0002572939222 0.04970873493 0.1501205822 0.1058055018 0.2287758878 0.3431020986 0.05007519425 0.04684726778 0.02233783909 0.002969599649 1e-10 1e-10 1e-10 1e-10 1e-10 1e-10 1e-10 1e-10 1e-10 1e-10 1e-10 1e-10 1e-10 1e-10 1e-10 1e-10 1e-10 1e-10 1e-10 1e-10 1e-10 1e-10 1e-10 1e-10 1e-10 1e-10 1e-10 1e-10 1e-10 1e-10
17 1e-10 0.02991186808 0.1418821637 0.09969746343 0.1482403402 0.3941200657 0.08553047601 0.05645310107 0.0346438745 0.009520647242 1e-10 1e-10 1e-10 1e-10 1e-10 1e-10 1e-10 1e-10 1e-10 1e-10 1e-10 1e-10 1e-10 1e-10 1e-10 1e-10 1e-10 1e-10 1e-10 1e-10 1e-10 1e-10 1e-10 1e-10 1e-10 1e-10 1e-10 1e-10 1e-10 1e-10
17.5 1e-10 0.01544619528 0.1243988059 0.1044527371 0.08848408923 0.3837679017 0.1448262421 0.07813179385 0.03801150774 0.02248072717 1e-10 1e-10 1e-10 1e-10 1e-10 1e-10 1e-10 1e-10 1e-10 1e-10 1e-10 1e-10 1e-10 1e-10 1e-10 1e-10 1e-10 1e-10 1e-10 1e-10 1e-10 1e-10 1e-10 1e-10 1e-10 1e-10 1e-10 1e-10 1e-10 1e-10
18 1e-10 0.006359796153 0.09816134607 0.118173015 0.0456715384 0.3278599083 0.2141801032 0.1152534085 0.03285354787 0.0414873365 1e-10 1e-10 1e-10 1e-10 1e-10 1e-10 1e-10 1e-10 1e-10 1e-10 1e-10 1e-10 1e-10 1e-10 1e-10 1e-10 1e-10 1e-10 1e-10 1e-10 1e-10 1e-10 1e-10 1e-10 1e-10 1e-10 1e-10 1e-10 1e-10 1e-10
18.5 1e-10 0.001565733285 0.0721946671 0.1237922522 0.03625570842 0.262348145 0.2106360095 0.1978359379 0.03683818336 0.0521769128 0.005721123863 0.0006353266021 1e-10 1e-10 1e-10 1e-10 1e-10 1e-10 1e-10 1e-10 1e-10 1e-10 1e-10 1e-10 1e-10 1e-10 1e-10 1e-10 1e-10 1e-10 1e-10 1e-10 1e-10 1e-10 1e-10 1e-10 1e-10 1e-10 1e-10 1e-10
19 1e-10 5.196010822e-08 0.04839055445 0.1181826903 0.04231047175 0.2131077473 0.1850010491 0.2290682419 0.09120660363 0.05454038062 0.01553470419 0.002657504736 1e-10 1e-10 1e-10 1e-10 1e-10 1e-10 1e-10 1e-10 1e-10 1e-10 1e-10 1e-10 1e-10 1e-10 1e-10 1e-10 1e-10 1e-10 1e-10 1e-10 1e-10 1e-10 1e-10 1e-10 1e-10 1e-10 1e-10 1e-10
19.5 1e-10 1e-10 0.02762478099 0.1059722375 0.05119950532 0.1733843855 0.1664021455 0.2218216332 0.1493806705 0.07172034631 0.02647262284 0.006021672407 1e-10 1e-10 1e-10 1e-10 1e-10 1e-10 1e-10 1e-10 1e-10 1e-10 1e-10 1e-10 1e-10 1e-10 1e-10 1e-10 1e-10 1e-10 1e-10 1e-10 1e-10 1e-10 1e-10 1e-10 1e-10 1e-10 1e-10 1e-10
20 1e-10 1e-10 0.01222917309 0.08855489783 0.05825932827 0.138725743 0.1558158575 0.2116812546 0.1651072941 0.1214438342 0.03749227089 0.01069034655 1e-10 1e-10 1e-10 1e-10 1e-10 1e-10 1e-10 1e-10 1e-10 1e-10 1e-10 1e-10 1e-10 1e-10 1e-10 1e-10 1e-10 1e-10 1e-10 1e-10 1e-10 1e-10 1e-10 1e-10 1e-10 1e-10 1e-10 1e-10
20.5 1e-10 1e-10 0.00536016913 0.06927505082 0.04736010533 0.1312190919 0.1415906813 0.1877221732 0.1537965738 0.1899219659 0.05712114923 0.01663303933 1e-10 1e-10 1e-10 1e-10 1e-10 1e-10 1e-10 1e-10 1e-10 1e-10 1e-10 1e-10 1e-10 1e-10 1e-10 1e-10 1e-10 1e-10 1e-10 1e-10 1e-10 1e-10 1e-10 1e-10 1e-10 1e-10 1e-10 1e-10
21 1e-10 1e-10 0.001673140032 0.05501499527 0.03177477702 0.1228845391 0.1289935188 0.1768357952 0.1115372825 0.2509657209 0.08513047869 0.03364214849 0.00154760405 1e-10 1e-10 1e-10 1e-10 1e-10 1e-10 1e-10 1e-10 1e-10 1e-10 1e-10 1e-10 1e-10 1e-10 1e-10 1e-10 1e-10 1e-10 1e-10 1e-10 1e-10 1e-10 1e-10 1e-10 1e-10 1e-10 1e-10
21.5 1e-10 1e-10 0.000101012049 0.04370524149 0.02194851367 0.1027253043 0.1202904372 0.1802987737 0.06069213283 0.2738753434 0.1223307153 0.06547775594 0.008554770019 1e-10 1e-10 1e-10 1e-10 1e-10 1e-10 1e-10 1e-10 1e-10 1e-10 1e-10 1e-10 1e-10 1e-10 1e-10 1e-10 1e-10 1e-10 1e-10 1e-10 1e-10 1e-10 1e-10 1e-10 1e-10 1e-10 1e-10
22 1e-10 1e-10 1e-10 0.03206707267 0.02147195092 0.07687624359 0.09874720953 0.1973132239 0.05305889273 0.2084058542 0.1808961998 0.1007924119 0.02958558846 0.000785352258 1e-10 1e-10 1e-10 1e-10 1e-10 1e-10 1e-10 1e-10 1e-10 1e-10 1e-10 1e-10 1e-10 1e-10 1e-10 1e-10 1e-10 1e-10 1e-10 1e-10 1e-10 1e-10 1e-10 1e-10 1e-10 1e-10
22.5 1e-10 1e-10 1e-10 0.02309015445 0.02015544059 0.05835575654 0.0695018642 0.2053330848 0.06686186998 0.1472566809 0.1969733468 0.1417890572 0.06239439938 0.007951802257 0.0001986563296 0.0001378865808 1e-10 1e-10 1e-10 1e-10 1e-10 1e-10 1e-10 1e-10 1e-10 1e-10 1e-10 1e-10 1e-10 1e-10 1e-10 1e-10 1e-10 1e-10 1e-10 1e-10 1e-10 1e-10 1e-10 1e-10
23 1e-10 1e-10 1e-10 0.01591774975 0.01795317587 0.04715667757 0.04672848194 0.1950331653 0.07506635006 0.1321046705 0.1606838922 0.1872351006 0.08271268895 0.03259347635 0.003921197291 0.002893373503 1e-10 1e-10 1e-10 1e-10 1e-10 1e-10 1e-10 1e-10 1e-10 1e-10 1e-10 1e-10 1e-10 1e-10 1e-10 1e-10 1e-10 1e-10 1e-10 1e-10 1e-10 1e-10 1e-10 1e-10
23.5 1e-10 1e-10 1e-10 0.01011470729 0.01511693176 0.03999404183 0.03490132476 0.158724659 0.09174956641 0.1364919102 0.1146446972 0.2025354095 0.1129038302 0.06188100941 0.01178333467 0.009158577763 1e-10 1e-10 1e-10 1e-10 1e-10 1e-10 1e-10 1e-10 1e-10 1e-10 1e-10 1e-10 1e-10 1e-10 1e-10 1e-10 1e-10 1e-10 1e-10 1e-10 1e-10 1e-10 1e-10 1e-10
24 1e-10 1e-10 1e-10 0.00564770305 0.01152247934 0.0330458392 0.03304689339 0.1163472285 0.09620187334 0.1440885127 0.1018692058 0.1746549855 0.1404079388 0.09807894817 0.02618593646 0.01890245569 1e-10 1e-10 1e-10 1e-10 1e-10 1e-10 1e-10 1e-10 1e-10 1e-10 1e-10 1e-10 1e-10 1e-10 1e-10 1e-10 1e-10 1e-10 1e-10 1e-10 1e-10 1e-10 1e-10 1e-10
24.5 1e-10 1e-10 1e-10 0.002488506414 0.007091515839 0.02646306257 0.03135430516 0.08750774781 0.08478223042 0.1419269347 0.1100249299 0.1371149582 0.1717321771 0.1074347208 0.05711626614 0.03496264495 1e-10 1e-10 1e-10 1e-10 1e-10 1e-10 1e-10 1e-10 1e-10 1e-10 1e-10 1e-10 1e-10 1e-10 1e-10 1e-10 1e-10 1e-10 1e-10 1e-10 1e-10 1e-10 1e-10 1e-10
25 1e-10 1e-10 1e-10 0.0006129315766 0.001771303487 0.02037489459 0.02886064219 0.07081558335 0.06480829838 0.1229102333 0.1394536068 0.0869570408 0.2191352586 0.08526645436 0.09801412559 0.06101962695 1e-10 1e-10 1e-10 1e-10 1e-10 1e-10 1e-10 1e-10 1e-10 1e-10 1e-10 1e-10 1e-10 1e-10 1e-10 1e-10 1e-10 1e-10 1e-10 1e-10 1e-10 1e-10 1e-10 1e-10
25.5 1e-10 1e-10 1e-10 1e-10 1e-10 0.007246422791 0.03073508451 0.06634416442 0.04438702216 0.09052194299 0.1448714891 0.09135882377 0.2260194362 0.07825400807 0.09831154488 0.1098456365 0.01094038478 0.001164039827 1e-10 1e-10 1e-10 1e-10 1e-10 1e-10 1e-10 1e-10 1e-10 1e-10 1e-10 1e-10 1e-10 1e-10 1e-10 1e-10 1e-10 1e-10 1e-10 1e-10 1e-10 1e-10
26 1e-10 1e-10 1e-10 1e-10 1e-10 0.0004412553482 0.01882989345 0.06902626621 0.03607202562 0.07515816306 0.1034039295 0.1097992801 0.215013961 0.110959488 0.08512443672 0.106975581 0.05843440755 0.01057153882 0.0001897735816 1e-10 1e-10 1e-10 1e-10 1e-10 1e-10 1e-10 1e-10 1e-10 1e-10 1e-10 1e-10 1e-10 1e-10 1e-10 1e-10 1e-10 1e-10 1e-10 1e-10 1e-10
26.5 1e-10 1e-10 1e-10 1e-10 1e-10 1e-10 0.004307103571 0.06090723951 0.03975443679 0.06974694607 0.06689758229 0.1001613263 0.1970197845 0.1549453078 0.0866838859 0.08890443977 0.087852429 0.0338082121 0.008861775579 0.0001495308312 1e-10 1e-10 1e-10 1e-10 1e-10 1e-10 1e-10 1e-10 1e-10 1e-10 1e-10 1e-10 1e-10 1e-10 1e-10 1e-10 1e-10 1e-10 1e-10 1e-10
27 1e-10 1e-10 1e-10 1e-10 1e-10 1e-10 1.092807801e-05 0.03579455058 0.05131995024 0.06411898154 0.04848169643 0.08245944823 0.1500369039 0.2108232171 0.09221136083 0.08269708956 0.08710017763 0.06733106897 0.02429265055 0.003300807135 2.116925414e-05 1e-10 1e-10 1e-10 1e-10 1e-10 1e-10 1e-10 1e-10 1e-10 1e-10 1e-10 1e-10 1e-10 1e-10 1e-10 1e-10 1e-10 1e-10 1e-10
27.5 1e-10 1e-10 1e-10 1e-10 1e-10 1e-10 1e-10 0.01856906105 0.0413921722 0.06674349169 0.04235358781 0.0709280663 0.1191757813 0.1868638847 0.1438402772 0.08088863332 0.07462961978 0.09313953988 0.0437322223 0.01651277244 0.00123088999 1e-10 1e-10 1e-10 1e-10 1e-10 1e-10 1e-10 1e-10 1e-10 1e-10 1e-10 1e-10 1e-10 1e-10 1e-10 1e-10 1e-10 1e-10 1e-10
28 1e-10 1e-10 1e-10 1e-10 1e-10 1e-10 1e-10 0.00824918449 0.03080251934 0.0566937435 0.04839183689 0.05252013065 0.1123162394 0.146220633 0.1649987477 0.1094904909 0.05532184514 0.1081687963 0.06090802885 0.03775142516 0.008133643522 3.273516719e-05 1e-10 1e-10 1e-10 1e-10 1e-10 1e-10 1e-10 1e-10 1e-10 1e-10 1e-10 1e-10 1e-10 1e-10 1e-10 1e-10 1e-10 1e-10
28.5 1e-10 1e-10 1e-10 1e-10 1e-10 1e-10 1e-10 0.002052408353 0.02079445588 0.04391430258 0.04937520149 0.0437810922 0.1008761724 0.1237784193 0.1476194385 0.1537494098 0.04665156385 0.1052719777 0.07814903247 0.059769399 0.02019972996 0.004017396455 1e-10 1e-10 1e-10 1e-10 1e-10 1e-10 1e-10 1e-10 1e-10 1e-10 1e-10 1e-10 1e-10 1e-10 1e-10 1e-10 1e-10 1e-10
29 1e-10 1e-10 1e-10 1e-10 1e-10 1e-10 1e-10 1e-10 0.009026972322 0.03330143887 0.03955123192 0.05660020454 0.07561489408 0.1065895306 0.1200764704 0.1892722716 0.05820108242 0.1015526958 0.06891744889 0.09484082189 0.02642053706 0.0200343997 1e-10 1e-10 1e-10 1e-10 1e-10 1e-10 1e-10 1e-10 1e-10 1e-10 1e-10 1e-10 1e-10 1e-10 1e-10 1e-10 1e-10 1e-10
29.5 1e-10 1e-10 1e-10 1e-10 1e-10 1e-10 1e-10 1e-10 0.001174570503 0.01851794983 0.03033465931 0.06341268448 0.06330160172 0.09135764088 0.0898639551 0.199974263 0.07971542306 0.1075682841 0.05848661536 0.112155777 0.04380263366 0.03104748834 0.008194119419 0.0007289870452 9.346715158e-05 0.0002698799853 1e-10 1e-10 1e-10 1e-10 1e-10 1e-10 1e-10 1e-10 1e-10 1e-10 1e-10 1e-10 1e-10 1e-10
30 1e-10 1e-10 1e-10 1e-10 1e-10 1e-10 1e-10 1e-10 1e-10 0.003433693463 0.0170734449 0.06048984347 0.06190452236 0.08399251993 0.07782433793 0.1620012558 0.1099742248 0.1119009457 0.07471918817 0.1006489462 0.07111315904 0.0365173324 0.0221751191 0.004071481396 0.0005447221384 0.001615263204 1e-10 1e-10 1e-10 1e-10 1e-10 1e-10 1e-10 1e-10 1e-10 1e-10 1e-10 1e-10 1e-10 1e-10
30.5 1e-10 1e-10 1e-10 1e-10 1e-10 1e-10 1e-10 1e-10 1e-10 1e-10 0.001793732331 0.03724295763 0.06752025298 0.08099206783 0.08056941671 0.1305616943 0.09545935293 0.127851897 0.08883432898 0.1085246208 0.07968415664 0.04791451981 0.03464683948 0.01206933278 0.002249159632 0.004085670181 1e-10 1e-10 1e-10 1e-10 1e-10 1e-10 1e-10 1e-10 1e-10 1e-10 1e-10 1e-10 1e-10 1e-10
31 1e-10 1e-10 1e-10 1e-10 1e-10 1e-10 1e-10 1e-10 1e-10 1e-10 1e-10 0.01279041097 0.04849565686 0.0793662699 0.08644499244 0.122150043 0.08688561947 0.108517361 0.1014997472 0.1111680737 0.09515037543 0.07168466109 0.03256108901 0.02787794 0.007731073205 0.007676686689 1e-10 1e-10 1e-10 1e-10 1e-10 1e-10 1e-10 1e-10 1e-10 1e-10 1e-10 1e-10 1e-10 1e-10
31.5 1e-10 1e-10 1e-10 1e-10 1e-10 1e-10 1e-10 1e-10 1e-10 1e-10 1e-10 0.002972329349 0.02374493037 0.06095266341 0.08770065659 0.1295777845 0.08899607568 0.08410128595 0.08989035048 0.1256630374 0.09334332895 0.1108861274 0.03170703577 0.03616899555 0.01960849477 0.01468690374 1e-10 1e-10 1e-10 1e-10 1e-10 1e-10 1e-10 1e-10 1e-10 1e-10 1e-10 1e-10 1e-10 1e-10
32 1e-10 1e-10 1e-10 1e-10 1e-10 1e-10 1e-10 1e-10 1e-10 1e-10 1e-10 3.116627784e-05 0.007149247088 0.03884586925 0.06432020531 0.1547656185 0.0825431799 0.08002627991 0.06279119842 0.142290185 0.07192841398 0.1559891491 0.03729963867 0.04090757877 0.03093489941 0.02890069228 0.001276678195 1e-10 1e-10 1e-10 1e-10 1e-10 1e-10 1e-10 1e-10 1e-10 1e-10 1e-10 1e-10 1e-10
32.5 1e-10 1e-10 1e-10 1e-10 1e-10 1e-10 1e-10 1e-10 1e-10 1e-10 1e-10 1e-10 0.0007708881344 0.02219100506 0.0314695412 0.1524275378 0.08757061622 0.09661057387 0.04949336334 0.1176698135 0.07393982227 0.1589168839 0.06881444506 0.05277264343 0.02876592683 0.04285807893 0.01524660645 0.0004822540165 1e-10 1e-10 1e-10 1e-10 1e-10 1e-10 1e-10 1e-10 1e-10 1e-10 1e-10 1e-10
33 1e-10 1e-10 1e-10 1e-10 1e-10 1e-10 1e-10 1e-10 1e-10 1e-10 1e-10 1e-10 2.716428749e-09 0.01254167263 0.01002206874 0.1091165642 0.1034855534 0.1146658712 0.05510540785 0.09652533576 0.05931725001 0.1482169975 0.0912113287 0.0773330985 0.04267380363 0.03680200046 0.03356150698 0.008736204257 0.0006853334998 1e-10 1e-10 1e-10 1e-10 1e-10 1e-10 1e-10 1e-10 1e-10 1e-10 1e-10
33.5 1e-10 1e-10 1e-10 1e-10 1e-10 1e-10 1e-10 1e-10 1e-10 1e-10 1e-10 1e-10 1e-10 0.007560649201 0.002366880211 0.05478639998 0.09902147909 0.134476082 0.07614711958 0.07849843851 0.05270269146 0.122369652 0.09273044086 0.1122695782 0.05904478939 0.03541749249 0.04638664682 0.02072026184 0.005501398395 1e-10 1e-10 1e-10 1e-10 1e-10 1e-10 1e-10 1e-10 1e-10 1e-10 1e-10
34 1e-10 1e-10 1e-10 1e-10 1e-10 1e-10 1e-10 1e-10 1e-10 1e-10 1e-10 1e-10 1e-10 0.004031604296 0.001210811545 0.02398109346 0.06549325796 0.1425833213 0.0895752481 0.08112101056 0.04417904226 0.1141227264 0.08544712551 0.1130806704 0.08315729864 0.04458933001 0.05652569511 0.03547106592 0.01138238319 0.003355986733 0.00069232859 1e-10 1e-10 1e-10 1e-10 1e-10 1e-10 1e-10 1e-10 1e-10
34.5 1e-10 1e-10 1e-10 1e-10 1e-10 1e-10 1e-10 1e-10 1e-10 1e-10 1e-10 1e-10 1e-10 0.001604496646 0.0004709250908 0.00939174581 0.03514579917 0.1250103676 0.0948715593 0.09039201924 0.05563919266 0.08711830745 0.09325931769 0.1054856771 0.09055189117 0.06602413855 0.05658836041 0.05060387218 0.0272913187 0.00757103699 0.002979974319 1e-10 1e-10 1e-10 1e-10 1e-10 1e-10 1e-10 1e-10 1e-10
35 1e-10 1e-10 1e-10 1e-10 1e-10 1e-10 1e-10 1e-10 1e-10 1e-10 1e-10 1e-10 1e-10 0.0002767187097 7.942413913e-05 0.00159680211 0.01335177163 0.09218769314 0.09488287785 0.09676085185 0.07431818705 0.06562350518 0.09509800186 0.1010079867 0.09292376346 0.07566006991 0.06802050134 0.05609605577 0.04788474918 0.01742230662 0.006808733506 1e-10 1e-10 1e-10 1e-10 1e-10 1e-10 1e-10 1e-10 1e-10
35.5 1e-10 1e-10 1e-10 1e-10 1e-10 1e-10 1e-10 1e-10 1e-10 1e-10 1e-10 1e-10 1e-10 1e-10 1e-10 1e-10 0.003160784051 0.04265430904 0.09410705294 0.0998143434 0.08393979341 0.07196741977 0.06852586409 0.1236779748 0.06564581832 0.09469780976 0.07311592884 0.06405980633 0.06359080788 0.03870020233 0.01224349303 9.859200027e-05 1e-10 1e-10 1e-10 1e-10 1e-10 1e-10 1e-10 1e-10
36 1e-10 1e-10 1e-10 1e-10 1e-10 1e-10 1e-10 1e-10 1e-10 1e-10 1e-10 1e-10 1e-10 1e-10 1e-10 1e-10 2.706917237e-05 0.01331121999 0.06978201553 0.0929315462 0.08529587503 0.0945006302 0.04991323894 0.1346575437 0.05171350818 0.08361140126 0.08621912135 0.06490373202 0.08754839275 0.05166189135 0.03178478521 0.002138029081 1e-10 1e-10 1e-10 1e-10 1e-10 1e-10 1e-10 1e-10
36.5 1e-10 1e-10 1e-10 1e-10 1e-10 1e-10 1e-10 1e-10 1e-10 1e-10 1e-10 1e-10 1e-10 1e-10 1e-10 1e-10 1e-10 0.002586555812 0.04035060794 0.07247285696 0.0799407238 0.1080427724 0.05323233495 0.1196067585 0.08055550265 0.05904509354 0.06536865907 0.09546205181 0.07584136386 0.07882278401 0.05051700528 0.01713206822 0.001022861232 1e-10 1e-10 1e-10 1e-10 1e-10 1e-10 1e-10
37 1e-10 1e-10 1e-10 1e-10 1e-10 1e-10 1e-10 1e-10 1e-10 1e-10 1e-10 1e-10 1e-10 1e-10 1e-10 1e-10 1e-10 0.0004073009501 0.02202601862 0.05309945246 0.05467289943 0.1154868411 0.06043924463 0.09827780453 0.1013390698 0.07010478066 0.05364712833 0.07824866846 0.0877069965 0.07661094204 0.06544008007 0.05054459789 0.01018521497 0.001736764772 2.619472764e-05 1e-10 1e-10 1e-10 1e-10 1e-10
37.5 1e-10 1e-10 1e-10 1e-10 1e-10 1e-10 1e-10 1e-10 1e-10 1e-10 1e-10 1e-10 1e-10 1e-10 1e-10 1e-10 1e-10 1e-10 0.009920152415 0.03548528086 0.04105179059 0.09512825726 0.07525659337 0.08317075059 0.09806577029 0.09046201905 0.06013915306 0.06365857661 0.08120245265 0.0763234903 0.07276556169 0.07380078843 0.02858863565 0.01254162726 0.002344532061 9.456786786e-05 1e-10 1e-10 1e-10 1e-10
38 1e-10 1e-10 1e-10 1e-10 1e-10 1e-10 1e-10 1e-10 1e-10 1e-10 1e-10 1e-10 1e-10 1e-10 1e-10 1e-10 1e-10 1e-10 0.002878635304 0.02085467127 0.0341364255 0.06541803288 0.07254890485 0.09521165115 0.06844246724 0.1210095005 0.05269984132 0.08505446778 0.05221099841 0.07504719379 0.08038488138 0.07883073523 0.05734166991 0.02592375847 0.01047882927 0.001527335759 1e-10 1e-10 1e-10 1e-10
38.5 1e-10 1e-10 1e-10 1e-10 1e-10 1e-10 1e-10 1e-10 1e-10 1e-10 1e-10 1e-10 1e-10 1e-10 1e-10 1e-10 1e-10 1e-10 1e-10 0.009762735052 0.02686309726 0.04329929957 0.05823835326 0.09542712566 0.06727897953 0.107776567 0.07705432718 0.08561625203 0.05314439076 0.05752021748 0.08484783785 0.07559670783 0.0785554791 0.0501786944 0.01800118742 0.009914927547 0.0004923926845 0.0004314284074 1e-10 1e-10
39 1e-10 1e-10 1e-10 1e-10 1e-10 1e-10 1e-10 1e-10 1e-10 1e-10 1e-10 1e-10 1e-10 1e-10 1e-10 1e-10 1e-10 1e-10 1e-10 0.003900645481 0.01464833633 0.02766539422 0.04386197798 0.08573840593 0.07393331582 0.09300033397 0.0758884987 0.1006311151 0.0617840545 0.04846729492 0.0800348066 0.07032213272 0.07976063118 0.08015769905 0.03224357356 0.02341763424 0.00248547411 0.002058675625 1e-10 1e-10
39.5 1e-10 1e-10 1e-10 1e-10 1e-10 1e-10 1e-10 1e-10 1e-10 1e-10 1e-10 1e-10 1e-10 1e-10 1e-10 1e-10 1e-10 1e-10 1e-10 0.001491408185 0.00566316256 0.01614530464 0.02690633819 0.07406279997 0.07789431886 0.07874479531 0.06928434316 0.1088962356 0.06978197794 0.05330764643 0.07376550422 0.07209114793 0.06495358997 0.09154026098 0.0581850474 0.0391792611 0.01216125165 0.005945605941 1e-10 1e-10
40 1e-10 1e-10 1e-10 1e-10 1e-10 1e-10 1e-10 1e-10 1e-10 1e-10 1e-10 1e-10 1e-10 1e-10 1e-10 1e-10 1e-10 1e-10 1e-10 0.0002193273329 0.0001691143401 0.00863782103 0.0128390605 0.05388771588 0.07493252042 0.08483299715 0.05251127796 0.1009802343 0.07505717276 0.07565787628 0.05840330174 0.08048586999 0.06130611036 0.08105587528 0.06910336637 0.0656374451 0.0272683459 0.01701456735 1e-10 1e-10
40.5 1e-10 1e-10 1e-10 1e-10 1e-10 1e-10 1e-10 1e-10 1e-10 1e-10 1e-10 1e-10 1e-10 1e-10 1e-10 1e-10 1e-10 1e-10 1e-10 1e-10 1e-10 0.0006162558906 0.002662738513 0.02914642371 0.06231919871 0.1032039999 0.03946687172 0.08987129432 0.07432035441 0.07572090899 0.0628911738 0.0814961993 0.06599043147 0.08337526451 0.05435291217 0.09203443419 0.03416092996 0.04328475823 0.004487985157 0.0004731632377
41 1e-10 1e-10 1e-10 1e-10 1e-10 1e-10 1e-10 1e-10 1e-10 1e-10 1e-10 1e-10 1e-10 1e-10 1e-10 1e-10 1e-10 1e-10 1e-10 1e-10 1e-10 1e-10 0.0002529257637 0.005391873246 0.03373554974 0.1003139912 0.06084386788 0.07737742958 0.0768426182 0.06205454586 0.05966305874 0.07925700424 0.070079036 0.08875166161 0.06533700812 0.07863673676 0.05428134761 0.05594630812 0.02025213695 0.00933051358
41.5 1e-10 1e-10 1e-10 1e-10 1e-10 1e-10 1e-10 1e-10 1e-10 1e-10 1e-10 1e-10 1e-10 1e-10 1e-10 1e-10 1e-10 1e-10 1e-10 1e-10 1e-10 1e-10 1e-10 0.001097539798 0.007917373869 0.05729102148 0.08365016352 0.08532092191 0.07199855732 0.06842770698 0.04534338789 0.06659050272 0.07026234932 0.08500236748 0.09014431573 0.0678016254 0.06310956624 0.06881972926 0.03149265377 0.02692158371
42 1e-10 1e-10 1e-10 1e-10 1e-10 1e-10 1e-10 1e-10 1e-10 1e-10 1e-10 1e-10 1e-10 1e-10 1e-10 1e-10 1e-10 1e-10 1e-10 1e-10 1e-10 1e-10 1e-10 1.249798477e-05 0.001632555407 0.01863583317 0.07054201979 0.08533426698 0.07582091287 0.08283781485 0.0433217961 0.06174368781 0.05916313355 0.06953710705 0.09286013499 0.08450215648 0.05836066567 0.08330453182 0.04171673981 0.04435779698
42.5 1e-10 1e-10 1e-10 1e-10 1e-10 1e-10 1e-10 1e-10 1e-10 1e-10 1e-10 1e-10 1e-10 1e-10 1e-10 1e-10 1e-10 1e-10 1e-10 1e-10 1e-10 1e-10 1e-10 1e-10 1e-10 0.003031780496 0.03476184438 0.07365666822 0.07427672117 0.0989010216 0.05364307549 0.06613335811 0.04937777079 0.0536434446 0.07077583472 0.09517235938 0.07024283607 0.093897108 0.04893103026 0.05844797533
43 1e-10 1e-10 1e-10 1e-10 1e-10 1e-10 1e-10 1e-10 1e-10 1e-10 1e-10 1e-10 1e-10 1e-10 1e-10 1e-10 1e-10 1e-10 1e-10 1e-10 1e-10 1e-10 1e-10 1e-10 1e-10 1.059685562e-06 0.007026571432 0.04998593968 0.06040506096 0.1071007177 0.05704358906 0.08929271813 0.04412606766 0.04583249893 0.0560341422 0.07982745278 0.0670906053 0.1171491936 0.05411021547 0.06788804732
43.5 1e-10 1e-10 1e-10 1e-10 1e-10 1e-10 1e-10 1e-10 1e-10 1e-10 1e-10 1e-10 1e-10 1e-10 1e-10 1e-10 1e-10 1e-10 1e-10 1e-10 1e-10 1e-10 1e-10 1e-10 1e-10 1e-10 1e-10 0.02021152274 0.04469048752 0.09118898981 0.0655506504 0.0945637354 0.0646227594 0.03846066371 0.05593391714 0.05741064033 0.06043633631 0.1059804421 0.07385795316 0.07969999906
44 1e-10 1e-10 1e-10 1e-10 1e-10 1e-10 1e-10 1e-10 1e-10 1e-10 1e-10 1e-10 1e-10 1e-10 1e-10 1e-10 1e-10 1e-10 1e-10 1e-10 1e-10 1e-10 1e-10 1e-10 1e-10 1e-10 1e-10 0.004180607888 0.02020486529 0.06853337425 0.06215523991 0.1055993431 0.07193228824 0.05300994617 0.04861298368 0.05253471551 0.04503919416 0.08351240883 0.080550402 0.09465335535
44.5 1e-10 1e-10 1e-10 1e-10 1e-10 1e-10 1e-10 1e-10 1e-10 1e-10 1e-10 1e-10 1e-10 1e-10 1e-10 1e-10 1e-10 1e-10 1e-10 1e-10 1e-10 1e-10 1e-10 1e-10 1e-10 1e-10 1e-10 0.0007647477413 0.003661581489 0.03180263142 0.05476740369 0.1009219902 0.08943829005 0.0599671884 0.06185396739 0.04618490138 0.03536418971 0.05709746299 0.06643741087 0.1014934919
45 1e-10 1e-10 1e-10 1e-10 1e-10 1e-10 1e-10 1e-10 1e-10 1e-10 1e-10 1e-10 1e-10 1e-10 1e-10 1e-10 1e-10 1e-10 1e-10 1e-10 1e-10 1e-10 1e-10 1e-10 1e-10 1e-10 1e-10 1e-10 2.736431097e-05 0.002666059343 0.03337500369 0.07109108375 0.1129974653 0.07222842421 0.0741136317 0.05023551324 0.03913829028 0.03297355049 0.04097102704 0.07923602788
45.5 1e-10 1e-10 1e-10 1e-10 1e-10 1e-10 1e-10 1e-10 1e-10 1e-10 1e-10 1e-10 1e-10 1e-10 1e-10 1e-10 1e-10 1e-10 1e-10 1e-10 1e-10 1e-10 1e-10 1e-10 1e-10 1e-10 1e-10 1e-10 1e-10 1e-10 0.0052687398 0.03101083168 0.09064908886 0.1042360912 0.08824824571 0.06054076902 0.05439059628 0.02473038165 0.02672452231 0.04156658025
46 1e-10 1e-10 1e-10 1e-10 1e-10 1e-10 1e-10 1e-10 1e-10 1e-10 1e-10 1e-10 1e-10 1e-10 1e-10 1e-10 1e-10 1e-10 1e-10 1e-10 1e-10 1e-10 1e-10 1e-10 1e-10 1e-10 1e-10 1e-10 1e-10 1e-10 0.0003059244934 0.01034294913 0.03659098317 0.08626209838 0.109970017 0.09421758262 0.06919694899 0.02986377009 0.02416121307 0.02458982455
46.5 1e-10 1e-10 1e-10 1e-10 1e-10 1e-10 1e-10 1e-10 1e-10 1e-10 1e-10 1e-10 1e-10 1e-10 1e-10 1e-10 1e-10 1e-10 1e-10 1e-10 1e-10 1e-10 1e-10 1e-10 1e-10 1e-10 1e-10 1e-10 1e-10 1e-10 1e-10 0.001252643859 0.01708691169 0.04652361583 0.07122804741 0.1173647 0.116793744 0.03998854843 0.03061536956 0.02156105498
47 1e-10 1e-10 1e-10 1e-10 1e-10 1e-10 1e-10 1e-10 1e-10 1e-10 1e-10 1e-10 1e-10 1e-10 1e-10 1e-10 1e-10 1e-10 1e-10 1e-10 1e-10 1e-10 1e-10 1e-10 1e-10 1e-10 1e-10 1e-10 1e-10 1e-10 1e-10 1e-10 0.004447310798 0.02948634177 0.03016160759 0.08267023094 0.1451848959 0.07884178826 0.04696070919 0.02373967194
47.5 1e-10 1e-10 1e-10 1e-10 1e-10 1e-10 1e-10 1e-10 1e-10 1e-10 1e-10 1e-10 1e-10 1e-10 1e-10 1e-10 1e-10 1e-10 1e-10 1e-10 1e-10 1e-10 1e-10 1e-10 1e-10 1e-10 1e-10 1e-10 1e-10 1e-10 1e-10 1e-10 1e-10 0.01696080812 0.01445335699 0.0348458374 0.1213891471 0.1036321511 0.09126766091 0.03885340125
48 1e-10 1e-10 1e-10 1e-10 1e-10 1e-10 1e-10 1e-10 1e-10 1e-10 1e-10 1e-10 1e-10 1e-10 1e-10 1e-10 1e-10 1e-10 1e-10 1e-10 1e-10 1e-10 1e-10 1e-10 1e-10 1e-10 1e-10 1e-10 1e-10 1e-10 1e-10 1e-10 1e-10 0.009866375695 0.00760444777 0.01672231849 0.07599496259 0.0725029483 0.1128644772 0.09274438715
48.5 1e-10 1e-10 1e-10 1e-10 1e-10 1e-10 1e-10 1e-10 1e-10 1e-10 1e-10 1e-10 1e-10 1e-10 1e-10 1e-10 1e-10 1e-10 1e-10 1e-10 1e-10 1e-10 1e-10 1e-10 1e-10 1e-10 1e-10 1e-10 1e-10 1e-10 1e-10 1e-10 1e-10 0.005536710238 0.005009357779 0.009068727613 0.04481175588 0.0451453815 0.08128376816 0.1138335864
49 1e-10 1e-10 1e-10 1e-10 1e-10 1e-10 1e-10 1e-10 1e-10 1e-10 1e-10 1e-10 1e-10 1e-10 1e-10 1e-10 1e-10 1e-10 1e-10 1e-10 1e-10 1e-10 1e-10 1e-10 1e-10 1e-10 1e-10 1e-10 1e-10 1e-10 1e-10 1e-10 1e-10 0.002455131751 0.002678327185 0.005300383901 0.02711700324 0.02417841801 0.05458553921 0.08846532301
49.5 1e-10 1e-10 1e-10 1e-10 1e-10 1e-10 1e-10 1e-10 1e-10 1e-10 1e-10 1e-10 1e-10 1e-10 1e-10 1e-10 1e-10 1e-10 1e-10 1e-10 1e-10 1e-10 1e-10 1e-10 1e-10 1e-10 1e-10 1e-10 1e-10 1e-10 1e-10 1e-10 1e-10 0.0006124242158 0.001001889008 0.002541787779 0.01298183527 0.0146204035 0.0326761297 0.06205459841
50 1e-10 1e-10 1e-10 1e-10 1e-10 1e-10 1e-10 1e-10 1e-10 1e-10 1e-10 1e-10 1e-10 1e-10 1e-10 1e-10 1e-10 1e-10 1e-10 1e-10 1e-10 1e-10 1e-10 1e-10 1e-10 1e-10 1e-10 1e-10 1e-10 1e-10 1e-10 1e-10 1e-10 1e-10 4.568050342e-06 0.0004544495204 0.002680145354 0.01050040545 0.01753237482 0.03791984068
50.5 1e-10 1e-10 1e-10 1e-10 1e-10 1e-10 1e-10 1e-10 1e-10 1e-10 1e-10 1e-10 1e-10 1e-10 1e-10 1e-10 1e-10 1e-10 1e-10 1e-10 1e-10 1e-10 1e-10 1e-10 1e-10 1e-10 1e-10 1e-10 1e-10 1e-10 1e-10 1e-10 1e-10 1e-10 1e-10 1e-10 1e-10 0.001377564145 0.009224349457 0.02819193638
51 1e-10 1e-10 1e-10 1e-10 1e-10 1e-10 1e-10 1e-10 1e-10 1e-10 1e-10 1e-10 1e-10 1e-10 1e-10 1e-10 1e-10 1e-10 1e-10 1e-10 1e-10 1e-10 1e-10 1e-10 1e-10 1e-10 1e-10 1e-10 1e-10 1e-10 1e-10 1e-10 1e-10 1e-10 1e-10 1e-10 1e-10 1e-10 0.0007397540809 0.00910202105
51.5 1e-10 1e-10 1e-10 1e-10 1e-10 1e-10 1e-10 1e-10 1e-10 1e-10 1e-10 1e-10 1e-10 1e-10 1e-10 1e-10 1e-10 1e-10 1e-10 1e-10 1e-10 1e-10 1e-10 1e-10 1e-10 1e-10 1e-10 1e-10 1e-10 1e-10 1e-10 1e-10 1e-10 1e-10 1e-10 1e-10 1e-10 1e-10 3.829188738e-06 0.0002234701861
52 1e-10 1e-10 1e-10 1e-10 1e-10 1e-10 1e-10 1e-10 1e-10 1e-10 1e-10 1e-10 1e-10 1e-10 1e-10 1e-10 1e-10 1e-10 1e-10 1e-10 1e-10 1e-10 1e-10 1e-10 1e-10 1e-10 1e-10 1e-10 1e-10 1e-10 1e-10 1e-10 1e-10 1e-10 1e-10 1e-10 1e-10 1e-10 1e-10 1e-10